991
152
88
8
45
96
6
46
17
6
19
54
3
98
4
173
40
5
18
11
2
25
5
8
102
52
246
9
32
40
95
4
30
74
17
3
101
163
9
154
54
108
17
33
383
73
103
200
2
283
16
17
253
167
85
63
81
41
181
198
218
5
32
14
2
2
165
17
2
42
2
16
20
56
294
91
8
45
346
12
4
43
301
351
9
10
9
38
275
60
23
19
20
1
27
54
383
37
309
32
7
5
12
2
240
3
2
5
30
69
100
2
114
53
2
66
6
66
158
268
228
54
38
37
5
36
4
3
226
134
2
33
9
3
6
2
234
130
35
32
360
2
1
65
301
4
42
8
24
309
2
83
44
50
98
4
4
131
15
173
6
277
3
64
184
108
33
34
3
91
138
5
169
9
23
5
20
41
5
312
62
3
82
342
232
7
66
3
6
85
7
2
362
24
9
162
1
101
6
36
3
13
67
7
2
12
358
169
15
23
2
9
178
3
17
433
31
30
11
17
40
9
5
245
16
118
3
2
2
75
4
15
3
182
2
29
3
10
15
47
171
76
448
4
9
7
28
9
4
4
4
22
94
365
3
51
2
4
87
3
2
7
225
15
3
11
15
20
149
76
145
152
92
3
97
22
1
3
21
12
10
216
3
2
194
59
247
2
13
7
3
263
109
26
3
2
9
4
2
25
326
4
2
43
82
1
1
3
2
5
3
196
211
2
64
11
3
63
2
205
35
3
5
94
103
7
3
76
3
305
3
12
13
228
3
2
84
18
31
15
2
413
21
164
212
25
3
161
2
4
2
24
2
5
14
31
416
46
27
32
22
4
2
7
242
3
279
11
8
3
4
3
3
28
41
3
232
24
67
3
104
22
324
6
8
3
3
84
63
3
127
40
4
2
83
222
8
9
222
133
2
87
3
2
112
2
3
1
20
64
228
25
5
71
3
53
14
47
2
7
2
5
11
3
138
22
3
201
296
10
16
65
39
65
137
66
3
163
215
5
6
12
18
3
29
11
214
52
59
52
2
178
193
3
3
181
10
9
39
86
4
5
234
7
101
4
204
6
33
238
77
19
111
9
16
5
24
290
368
79
54
9
8
3
15
29
108
5
11
8
3
250
27
101
251
1
12
2
5
314
6
24
10
21
173
190
7
4
132
22
49
2
21
9
13
299
4
19
20
46
3
4
5
8
133
6
21
2
157
84
31
26
2
20
3
235
111
188
110
21
3
55
8
3
249
36
106
126
162
17
20
49
6
5
92
3
3
11
3
3
272
2
3
3
120
12
11
88
2
4
5
3
2
4
131
115
66
81
309
3
5
120
2
5
6
3
54
44
3
27
1
139
4
1
6
2
233
27
90
151
9
85
62
4
20
89
156
16
6
38
3
25
69
15
129
56
33
1
8
9
266
38
44
194
20
34
7
18
78
2
472
139
8
10
4
2
120
11
28
10
4
2
51
33
5
7
43
43
5
297
35
6
86
57
36
237
7
2
2
7
27
71
16
174
194
20
3
60
55
119
3
2
2
53
9
2
305
225
33
81
4
300
6
122
16
43
113
4
4
2
11
2
6
4
102
4
239
140
2
38
5
63
30
58
13
73
129
127
32
68
3
196
47
3
14
193
260
4
62
74
4
3
2
183
113
7
28
4
4
4
3
25
2
10
113
296
88
53
126
2
46
108
157
9
7
36
80
65
3
6
114
78
139
7
4
38
238
3
2
241
31
16
120
3
4
8
12
2
45
331
87
1
30
3
4
118
3
27
10
74
208
5
10
51
4
3
33
237
8
146
137
5
266
36
17
69
6
4
34
3
5
88
3
4
21
3
2
13
234
150
143
3
19
4
15
178
87
336
25
8
3
9
5
15
19
2
89
6
106
144
95
42
18
143
15
133
50
4
4
69
155
2
3
54
6
2
2
82
4
89
73
7
3
117
19
112
10
177
47
70
3
173
4
3
103
6
71
2
61
7
3
40
3
2
6
3
72
9
107
11
10
244
10
26
102
2
67
14
3
4
31
16
16
5
116
88
17
63
2
1
94
4
129
316
2
4
2
2
25
22
11
30
61
8
17
2
49
84
11
104
91
259
14
26
6
3
38
21
2
4
104
4
7
18
223
89
3
22
3
295
2
51
2
33
81
162
66
38
10
2
23
2
3
2
3
9
4
24
229
8
106
70
2
3
13
63
80
5
25
4
2
137
291
2
4
55
12
4
5
3
42
128
78
3
19
76
84
5
48
3
94
2
19
139
2
37
7
4
347
7
8
22
3
25
140
3
79
9
103
42
4
3
280
83
3
29
2
5
9
19
69
4
26
3
7
9
1
3
5
2
411
25
3
3
123
209
3
6
85
24
4
198
46
2
3
2
11
30
45
4
196
3
6
3
130
55
3
3
1
95
116
9
19
101
4
57
4
13
49
67
3
58
58
3
186
100
47
4
4
237
25
251
41
6
2
7
36
61
3
2
77
39
10
12
4
18
4
172
29
2
14
4
5
38
3
3
3
3
3
13
2
233
4
12
124
165
2
28
20
26
25
6
3
2
21
48
232
21
3
136
234
7
2
25
2
3
47
11
17
432
12
3
3
11
4
72
41
12
7
5
96
96
4
6
14
28
179
93
2
5
80
3
3
58
2
36
130
110
3
5
123
2
5
234
107
172
32
3
17
23
4
7
168
6
13
8
4
45
37
30
2
150
156
44
3
21
106
171
3
88
5
2
2
57
3
5
81
13
1
68
56
181
22
22
2
9
54
78
267
49
7
114
142
2
4
3
38
20
200
4
3
42
153
3
4
19
2
3
52
96
175
212
26
4
37
29
4
27
7
31
3
3
32
277
131
3
109
113
33
77
4
18
86
54
3
99
187
19
27
3
56
7
8
115
3
36
5
3
13
66
4
28
3
237
34
3
25
27
13
269
20
5
39
3
16
19
154
47
4
55
15
117
3
31
250
25
3
3
27
2
1
2
2
62
114
103
131
8
5
29
27
40
55
90
40
5
9
83
219
18
42
2
2
4
28
52
2
4
5
160
2
66
10
9
141
192
4
118
7
3
5
2
88
13
3
30
39
12
4
110
5
163
16
2
41
247
3
21
27
5
1
305
94
2
3
3
2
9
4
16
65
2
7
3
19
48
57
3
100
10
3
7
59
109
1
2
40
51
2
2
3
1
204
45
53
56
22
3
20
262
138
4
15
4
14
2
168
92
4
7
3
5
4
5
5
11
5
7
6
12
3
91
287
40
25
3
52
58
11
10
239
3
3
15
84
21
3
1
17
35
136
2
33
4
60
4
53
56
2
2
4
20
2
4
41
12
174
3
18
3
3
77
3
85
52
78
45
8
29
127
165
4
6
37
3
63
4
43
3
6
3
319
52
37
2
11
10
6
29
3
3
10
47
119
95
2
2
20
4
2
5
140
3
86
115
99
3
2
184
4
8
5
106
5
3
16
17
39
83
2
134
3
2
14
5
4
4
40
9
3
76
3
3
3
17
217
3
4
45
5
20
24
3
7
46
50
81
5
2
5
5
261
74
4
9
2
3
3
3
11
94
4
96
9
4
20
3
73
5
3
1
118
3
6
3
55
69
38
4
13
115
9
6
39
84
16
250
2
59
7
14
3
4
14
2
22
217
4
140
54
98
2
19
27
32
4
3
8
3
127
117
9
313
3
3
14
6
27
55
3
66
4
133
5
101
23
4
97
14
104
75
51
10
4
60
3
4
95
9
81
2
3
4
52
3
66
116
15
50
2
80
17
19
52
46
3
147
5
152
2
27
70
29
68
1
14
4
43
3
3
105
3
3
247
19
3
2
91
3
2
2
3
2
17
4
5
3
6
4
42
21
5
20
5
68
98
147
2
5
3
37
10
9
2
3
84
7
8
216
3
3
3
65
11
2
12
2
4
6
14
3
51
2
253
63
6
18
25
27
75
9
14
98
2
2
128
9
169
151
37
11
29
10
39
59
9
3
181
36
2
42
6
197
2
86
5
4
8
3
40
38
191
6
2
2
5
149
3
12
110
3
37
11
1
31
2
2
32
20
4
107
1
51
7
197
11
81
13
77
120
110
7
3
38
3
141
4
37
204
56
28
4
76
20
61
31
7
12
3
3
11
6
3
3
6
4
114
9
33
8
125
45
9
90
61
42
5
64
4
8
4
5
4
128
2
2
2
4
3
2
5
7
3
1
19
4
3
112
18
19
49
110
9
124
55
3
137
83
2
87
61
9
3
11
57
31
40
3
4
15
11
2
70
8
4
5
89
27
4
51
51
4
175
16
6
9
67
3
3
8
2
2
103
9
4
2
4
2
21
4
4
33
186
5
3
62
3
4
4
4
6
101
8
2
32
32
4
3
21
221
1
48
46
9
3
28
3
22
3
4
2
9
256
10
3
5
11
4
3
4
4
3
11
222
3
81
10
2
6
12
8
10
9
2
3
8
3
50
10
152
212
89
3
20
108
5
9
10
7
148
23
93
3
21
35
50
80
4
11
27
10
131
39
3
6
25
6
3
13
4
4
244
3
3
1
79
5
4
108
8
35
76
3
3
4
19
3
103
25
26
22
4
13
3
2
126
12
3
61
80
165
23
87
89
23
2
3
4
103
3
3
37
3
93
4
3
16
99
4
3
22
45
3
66
17
43
112
98
20
180
4
20
49
42
48
7
2
23
2
15
100
8
91
143
15
51
225
12
96
3
4
3
6
6
7
206
3
16
3
34
59
136
3
2
6
34
6
3
44
126
3
27
19
97
26
5
3
123
47
11
124
25
36
4
7
34
3
15
3
50
314
3
11
29
147
4
4
4
2
69
5
3
3
43
177
8
46
20
2
21
137
8
276
3
4
3
22
6
4
3
12
10
5
20
75
4
3
4
6
68
48
68
76
15
169
107
14
34
4
38
160
7
5
45
6
15
73
3
85
69
3
41
117
60
17
22
20
39
5
174
55
2
119
3
46
4
2
51
4
66
3
151
2
46
68
4
3
16
13
20
5
36
72
12
4
7
10
3
134
108
3
132
118
3
9
72
5
4
73
5
42
96
8
12
14
18
127
3
3
4
87
4
4
4
4
4
19
40
51
109
5
4
3
4
212
2
9
4
2
39
96
4
32
3
88
7
3
106
24
154
10
6
4
165
27
54
4
2
109
1
16
3
77
4
6
3
21
4
2
3
1
74
32
146
98
3
13
12
3
4
25
82
15
7
144
3
9
4
149
4
71
7
99
2
4
4
3
2
4
4
4
19
30
112
11
3
64
4
76
51
2
4
108
9
2
146
23
3
11
129
3
41
1
4
15
3
28
3
3
41
4
11
2
4
10
58
42
2
10
178
195
100
12
5
3
3
19
9
6
2
3
18
81
52
3
76
115
114
45
117
15
5
63
11
16
5
4
11
7
2
108
66
5
2
2
113
24
3
4
5
35
4
84
26
110
50
42
4
104
6
150
7
4
3
35
122
2
98
4
11
3
54
34
4
112
130
9
3
2
37
3
3
3
5
122
5
65
45
6
35
3
91
127
2
12
5
49
40
7
157
4
39
2
5
46
3
3
29
25
39
4
9
4
259
3
16
92
82
3
3
5
55
65
6
11
4
32
4
2
137
4
85
6
22
28
1
33
60
41
13
5
72
2
4
51
3
98
14
31
6
97
96
3
3
9
10
2
106
24
3
40
2
45
47
50
38
7
71
5
3
3
3
228
33
58
18
89
4
3
24
3
22
4
110
3
32
4
29
5
4
3
63
3
90
43
3
7
4
2
11
4
3
3
114
57
79
4
25
3
4
37
20
126
5
3
3
101
10
3
4
6
194
50
9
3
18
28
123
2
21
31
45
67
3
138
3
4
4
22
2
116
5
12
46
2
2
5
3
3
6
1
50
3
71
15
1
8
44
139
3
4
27
128
3
2
3
4
52
3
5
57
46
4
7
7
160
8
7
67
24
4
2
15
53
5
2
22
3
7
22
4
121
54
134
19
123
154
20
10
9
123
6
4
4
4
139
73
4
47
16
145
3
42
22
3
4
94
17
5
32
3
3
3
3
4
69
6
89
29
79
41
159
22
92
6
13
9
68
6
10
4
1
2
2
3
3
6
3
58
70
3
2
7
3
5
194
2
28
46
45
4
41
9
3
218
24
4
3
3
1
3
3
22
30
3
8
17
4
80
108
58
111
119
2
2
10
4
65
9
2
168
5
28
42
5
35
102
67
3
5
58
2
3
2
110
6
5
107
6
4
5
4
4
34
2
3
25
42
29
65
4
4
51
6
25
89
6
3
4
19
95
1
7
168
5
5
33
2
1
11
4
56
10
199
2
3
3
129
39
5
8
5
3
2
63
2
24
33
153
29
6
12
16
4
124
65
45
51
5
64
30
14
4
7
72
16
66
35
7
4
14
114
31
79
110
102
3
5
4
63
95
111
88
5
1
2
55
4
29
32
16
38
5
14
17
25
86
153
2
5
5
4
29
137
8
2
13
115
23
6
3
4
6
57
12
18
136
4
10
138
40
8
3
7
4
6
8
2
60
33
8
40
105
8
75
4
9
159
33
32
46
9
50
110
3
4
122
76
5
4
81
3
6
12
71
2
94
2
3
21
91
18
1
9
22
6
5
28
6
3
9
87
3
25
5
89
50
3
27
17
3
159
11
3
102
2
15
7
55
3
56
5
27
103
3
3
184
54
2
26
4
6
5
96
12
4
10
2
3
92
4
5
50
111
1
3
19
81
3
100
29
6
44
76
3
35
11
4
3
102
4
4
21
119
4
3
7
4
104
13
62
8
105
3
7
1
15
8
79
16
3
4
2
25
3
3
4
17
15
4
54
2
207
3
3
3
7
4
3
23
3
13
86
3
20
6
4
3
160
7
18
1
4
8
62
3
1
64
74
92
2
3
6
3
4
3
72
38
3
31
14
29
4
120
10
3
1
4
74
15
24
4
4
63
15
3
11
3
166
129
3
1
2
4
4
3
15
29
31
6
4
63
3
3
143
3
3
84
4
3
3
40
4
3
2
106
33
10
4
6
3
9
3
4
2
4
69
60
102
3
4
3
3
9
19
4
7
99
2
2
3
3
4
111
3
26
2
3
86
4
2
3
7
22
12
73
40
3
4
47
10
3
25
112
8
10
8
55
6
3
31
5
6
4
4
6
92
3
61
14
160
81
4
12
39
5
20
3
4
2
258
47
5
4
6
5
12
3
20
93
8
9
4
3
3
4
27
2
101
2
36
69
3
78
4
3
3
13
96
3
3
25
6
2
5
3
3
167
2
26
15
7
3
3
71
124
50
29
4
4
51
4
89
8
145
22
59
38
102
95
3
26
171
3
9
10
4
61
3
48
2
5
4
6
45
3
15
54
3
8
4
7
138
3
9
16
95
3
22
4
5
4
3
55
27
4
40
7
32
6
46
5
2
61
3
4
3
2
5
12
32
140
3
109
19
89
34
15
19
79
3
6
5
3
177
5
4
4
4
2
61
3
34
5
4
8
4
37
14
3
8
4
2
6
3
70
4
5
2
26
103
2
12
152
5
2
3
3
12
7
2
10
80
3
36
22
3
19
47
2
2
3
36
4
5
124
38
131
18
3
30
2
102
6
38
4
4
5
3
16
4
4
3
90
29
136
3
37
24
53
128
3
4
4
3
34
3
3
3
6
3
4
2
4
4
44
2
116
3
3
4
8
5
47
41
12
4
8
155
15
4
2
2
6
10
4
3
3
1
7
56
8
1
83
3
12
4
4
4
3
72
3
3
3
75
102
75
6
3
4
24
4
90
8
153
6
20
1
79
97
5
2
44
2
89
11
4
5
63
7
4
3
23
47
3
7
2
4
17
3
8
10
91
22
41
7
7
80
3
24
6
5
31
4
3
5
4
94
3
40
44
33
42
5
159
16
4
69
87
36
3
79
4
4
29
2
8
6
38
21
4
4
43
3
4
2
3
3
4
3
20
3
3
32
161
51
2
2
13
3
8
18
6
65
3
34
11
84
18
12
90
82
24
2
5
66
90
8
15
3
47
4
6
45
25
6
70
200
3
65
108
35
3
95
60
43
4
13
13
99
4
29
27
3
26
4
21
180
7
3
2
95
6
79
27
4
2
93
46
7
20
25
11
102
2
5
3
75
110
11
66
5
3
33
7
2
4
102
21
9
31
17
19
3
64
82
183
10
7
4
4
16
6
71
5
3
3
40
4
52
65
4
33
3
92
30
3
70
4
3
21
11
45
4
2
2
108
3
35
11
71
18
3
183
3
42
8
129
34
5
3
2
2
5
11
9
1
2
110
37
6
7
28
4
6
6
163
63
4
4
9
29
8
18
5
11
55
23
4
3
55
56
52
3
39
3
64
4
82
74
21
5
9
23
3
8
33
18
111
5
64
28
74
22
2
6
59
7
26
116
8
47
5
4
69
3
51
3
4
4
5
4
4
4
78
13
4
4
5
3
2
5
3
3
50
4
63
69
2
10
3
3
91
7
31
121
22
29
3
3
7
39
3
5
6
10
99
79
28
54
30
3
5
54
2
2
82
7
4
5
37
35
5
115
3
4
10
29
5
7
7
52
3
16
6
7
19
137
4
8
50
16
7
3
56
168
7
7
2
24
212
4
12
3
12
3
5
4
5
10
4
3
4
76
3
3
49
4
12
26
76
3
3
67
2
8
45
10
130
19
42
9
9
8
3
2
7
3
10
12
5
6
13
3
88
20
14
2
5
3
2
4
35
3
87
46
62
90
23
27
95
28
50
55
4
69
7
3
2
7
53
4
78
24
3
33
3
54
2
88
2
2
7
19
20
68
9
73
100
5
5
3
7
39
34
96
5
28
3
2
38
2
34
3
3
2
4
2
23
14
3
67
57
107
3
57
3
2
12
7
3
163
3
5
4
7
3
4
1
6
4
12
145
3
11
3
2
3
28
2
55
77
6
4
14
8
50
3
39
72
42
3
78
3
62
2
27
3
74
44
75
5
3
4
79
96
4
17
3
12
2
3
66
30
3
6
209
58
5
12
25
4
2
85
49
35
2
11
12
3
26
2
138
2
11
16
6
50
4
4
59
3
3
78
3
18
2
4
29
6
81
56
5
3
10
3
65
69
4
3
3
2
15
2
54
4
44
3
35
55
66
2
3
10
27
57
87
2
14
5
4
5
12
116
3
3
33
4
72
11
119
4
5
26
2
4
4
3
4
81
57
2
3
2
2
6
62
4
2
4
4
133
2
27
4
7
2
59
30
40
15
7
46
4
2
3
130
42
2
5
88
101
3
14
58
41
3
2
3
51
32
18
9
3
18
5
30
5
39
109
5
10
3
91
42
2
36
3
4
29
7
5
4
6
4
2
4
2
30
48
4
3
4
115
91
3
9
32
3
5
4
24
36
16
9
3
6
91
126
4
75
7
58
19
3
3
23
3
3
11
4
21
32
5
3
101
138
36
3
3
10
4
6
78
3
14
54
13
5
21
16
3
8
6
90
38
41
103
47
47
30
4
7
73
60
3
3
50
77
7
4
104
6
99
25
5
4
6
3
2
4
11
40
5
75
1
5
4
3
3
75
4
3
2
2
67
8
18
43
10
115
3
102
4
15
3
27
121
4
3
5
31
3
26
41
10
5
13
37
2
5
80
10
4
3
1
116
2
28
4
21
31
8
72
3
3
3
3
62
21
5
3
49
6
1
4
3
2
5
4
7
2
20
6
6
159
75
66
43
44
61
22
5
5
5
6
81
20
10
17
2
115
3
4
3
1
3
3
4
4
8
4
2
4
3
3
18
116
3
3
16
4
156
2
14
21
4
3
13
4
32
3
5
61
3
20
16
38
5
86
58
8
5
3
4
10
3
111
5
4
2
11
2
4
18
59
5
5
8
3
48
5
10
3
6
13
59
8
10
107
37
4
2
14
76
5
119
5
6
7
4
5
88
25
5
24
44
40
4
36
5
36
49
3
20
4
4
50
6
82
3
3
23
5
3
36
166
2
10
8
2
1
4
2
3
3
54
28
56
39
4
2
3
85
2
123
27
5
17
9
3
36
2
70
3
33
4
30
3
59
31
3
43
9
125
7
51
3
4
8
4
5
5
3
1
6
50
86
51
61
15
3
6
6
21
2
57
68
4
4
52
3
3
4
5
16
10
3
3
4
5
3
72
3
46
2
3
36
5
3
3
107
3
2
4
5
23
81
3
4
16
2
4
2
91
4
5
5
8
2
18
7
3
29
2
26
147
3
3
2
82
2
4
7
11
41
11
9
3
10
5
2
3
7
5
6
52
3
3
2
11
5
3
6
4
39
106
57
18
16
4
3
19
5
4
10
3
50
35
4
7
2
4
6
54
19
3
7
134
5
56
19
45
4
76
70
18
45
3
26
3
8
2
2
196
5
4
3
14
9
3
5
2
15
3
43
3
5
8
23
7
3
3
61
2
97
4
41
4
3
2
5
33
3
5
3
3
13
5
6
3
29
4
25
6
42
8
3
11
4
102
6
173
3
47
67
9
8
13
27
61
8
3
5
7
3
48
79
96
2
6
46
9
30
7
3
5
25
59
3
141
67
5
2
12
2
7
12
48
44
7
7
5
17
4
112
34
4
3
4
3
4
10
4
4
5
4
4
4
2
13
7
61
37
37
91
2
45
4
8
5
81
6
93
2
21
3
16
3
25
4
11
4
65
6
16
4
6
5
53
5
4
3
133
68
3
2
8
10
3
4
51
14
22
3
64
3
17
23
3
27
5
4
141
61
46
2
41
2
2
2
3
49
7
6
52
147
2
3
3
24
2
23
2
3
4
2
4
3
8
2
3
3
4
4
8
23
42
3
3
43
2
28
3
22
92
7
25
114
3
20
5
4
17
4
5
3
3
71
18
2
28
4
113
43
3
87
5
4
57
52
4
5
4
1
3
16
3
9
138
41
57
3
5
16
20
33
19
118
14
4
3
71
13
45
70
18
4
9
82
3
12
5
72
86
35
5
23
2
3
4
4
25
6
3
51
38
38
22
6
3
5
5
56
47
7
80
58
3
4
24
6
5
5
45
3
45
136
5
32
2
2
2
30
2
4
2
7
8
3
3
84
3
2
19
2
18
33
2
90
3
6
32
5
23
12
7
128
2
110
17
8
6
3
45
2
4
32
6
4
2
8
3
4
63
3
2
77
3
3
58
7
4
17
39
68
86
88
47
101
2
9
2
3
13
3
5
4
14
48
4
5
10
81
3
2
17
60
5
45
4
2
3
13
4
10
4
15
3
96
78
75
69
4
53
6
3
3
5
4
18
32
51
7
5
16
5
79
5
17
9
28
32
2
4
77
88
3
4
12
4
36
3
3
3
4
2
4
3
4
137
2
33
4
3
4
4
3
31
7
4
3
42
23
4
46
2
13
5
10
4
102
65
93
30
3
3
5
14
1
4
7
2
25
19
4
80
15
8
37
7
4
105
16
17
53
8
37
103
112
6
4
5
4
49
4
100
15
13
6
4
15
8
5
44
2
36
34
4
112
25
50
10
5
2
4
6
25
55
52
10
30
54
4
33
52
7
25
31
2
59
3
4
3
12
2
5
11
52
155
3
11
3
3
17
55
4
3
5
75
55
3
3
33
2
93
4
6
3
3
36
7
6
71
24
6
3
121
3
3
12
28
9
3
85
3
15
2
65
2
26
2
2
48
63
3
5
28
2
3
40
3
4
12
9
43
9
3
5
4
3
3
4
3
43
35
40
122
7
3
86
5
3
27
2
43
13
63
3
2
17
3
10
22
4
4
77
7
5
136
13
2
3
23
5
46
100
4
3
34
35
2
5
17
34
4
6
6
11
84
36
5
104
3
72
5
6
33
5
4
34
5
4
2
2
19
11
4
4
5
2
3
4
4
5
3
3
46
3
100
30
4
113
4
3
12
46
2
11
3
2
5
3
3
17
5
45
5
39
7
3
4
136
27
6
19
4
4
4
3
90
5
68
21
2
3
4
4
5
4
9
9
2
9
6
60
3
3
6
3
5
63
1
5
16
9
11
2
3
14
6
74
2
113
5
9
12
9
43
42
6
5
16
168
2
3
19
29
6
60
41
3
49
50
28
3
27
6
4
3
4
6
27
8
3
5
8
18
2
133
30
8
32
37
4
2
3
4
14
6
4
63
1
4
52
2
55
8
67
3
3
8
6
4
30
3
5
4
17
3
3
3
64
4
5
53
3
3
5
3
4
5
13
4
5
29
5
27
3
3
2
32
4
2
50
5
71
17
3
5
8
38
3
3
13
3
3
4
88
5
3
23
4
136
5
38
6
4
7
2
51
63
3
43
25
4
37
7
42
7
3
4
2
58
20
19
86
3
5
4
4
2
48
3
5
4
3
2
3
5
9
5
2
97
24
2
38
3
18
6
16
41
164
6
4
14
17
22
4
102
10
8
4
95
32
3
26
9
7
11
73
25
5
7
2
2
7
39
3
54
59
13
3
77
90
24
112
54
32
21
108
21
2
3
60
3
5
23
48
49
7
9
3
3
2
10
6
3
18
62
54
3
60
9
5
8
3
4
5
3
4
6
40
19
77
112
8
42
4
4
49
2
26
76
3
3
12
21
10
6
11
4
7
4
3
49
166
27
7
27
5
2
3
4
10
5
29
8
4
4
7
101
11
3
5
40
7
3
19
4
36
13
47
7
118
3
5
12
2
3
3
22
11
1
3
3
9
7
12
2
54
11
3
3
120
3
4
53
21
4
3
3
1
36
26
9
3
4
6
2
18
17
52
4
92
110
4
3
74
2
3
4
32
14
7
3
3
8
6
1
3
4
5
35
3
5
26
2
4
3
11
3
11
3
4
3
2
30
60
6
4
8
183
29
3
5
15
26
15
4
25
5
3
83
13
6
2
53
4
5
15
63
2
5
11
4
4
4
2
1
5
8
10
66
95
6
3
2
3
13
32
14
48
24
81
4
105
3
2
26
3
2
5
3
15
4
6
17
3
98
4
9
25
62
2
17
17
30
3
5
48
6
3
54
3
33
5
8
4
4
4
5
72
4
6
12
116
9
13
27
6
13
3
4
85
5
4
3
21
6
79
3
6
39
3
4
15
6
5
2
31
4
57
127
3
34
3
8
29
29
5
67
7
8
13
3
4
5
20
2
3
4
2
6
8
6
17
16
178
12
24
17
4
7
14
2
3
3
8
28
3
3
9
2
6
19
2
100
5
7
5
3
21
63
4
11
8
19
14
49
4
92
9
3
5
3
10
5
12
4
5
68
82
35
3
3
2
3
32
34
5
15
21
2
111
4
55
4
4
32
15
2
90
17
47
4
14
5
17
64
3
16
4
13
62
2
30
46
11
3
3
2
52
28
2
37
3
4
7
5
5
10
18
34
11
14
8
3
107
3
7
65
37
18
61
37
4
4
6
14
6
6
2
3
34
4
51
75
4
6
60
5
2
4
54
26
3
29
6
5
2
6
3
107
30
8
3
30
8
6
40
5
20
16
91
2
4
7
44
5
2
28
5
23
135
91
6
4
23
2
1
54
22
28
4
13
4
3
10
19
16
2
2
3
190
6
7
6
16
4
2
3
44
12
5
39
5
10
6
8
5
4
2
3
90
33
3
99
7
11
9
4
4
32
5
3
11
25
32
4
3
4
30
3
74
2
69
25
2
26
4
3
9
3
26
4
3
2
4
13
3
2
5
3
113
6
3
3
84
5
46
2
12
7
5
33
13
34
7
100
3
2
4
14
3
4
3
2
48
8
18
3
1
4
3
20
3
4
3
26
3
5
3
119
4
10
8
8
72
5
3
4
7
11
3
5
44
16
10
6
74
21
3
2
2
6
5
4
47
4
3
3
6
5
73
12
11
3
4
5
13
24
3
4
5
20
3
29
6
15
3
5
29
116
5
13
40
4
50
4
4
4
3
4
6
10
8
43
14
90
5
101
22
36
2
5
42
35
4
2
5
6
16
6
22
2
10
52
2
8
1
2
5
9
2
2
8
13
34
2
3
6
172
3
4
19
37
28
2
5
3
63
3
10
6
76
27
2
16
3
9
7
4
1
3
9
3
5
2
5
12
39
13
9
9
2
5
3
4
3
24
87
93
4
1
4
86
13
15
6
2
11
1
14
3
8
3
78
70
6
2
83
14
5
5
4
14
7
61
3
26
27
49
31
10
7
5
79
40
64
7
36
14
8
2
5
5
36
6
178
25
7
4
6
62
7
3
5
2
7
61
44
4
3
2
2
16
6
89
3
9
10
19
4
6
4
4
13
43
2
12
4
4
4
6
9
5
4
14
5
11
7
5
87
2
4
2
6
3
4
8
5
6
8
57
4
4
11
10
35
30
21
8
8
4
6
2
4
51
55
8
7
29
31
3
4
49
3
10
17
3
4
111
3
67
6
49
5
67
11
7
8
38
2
33
2
6
30
4
11
38
4
3
2
52
10
27
3
2
68
6
4
34
11
5
7
4
2
7
4
31
3
24
26
80
36
47
4
4
7
5
4
15
6
3
4
122
3
18
5
39
27
2
4
6
19
5
3
6
6
13
38
3
4
46
26
7
4
6
49
7
3
47
13
3
3
21
63
6
4
62
3
100
2
23
103
10
3
3
4
3
22
38
21
64
4
8
1
4
12
16
95
7
4
3
5
15
109
26
19
3
54
9
4
4
4
2
3
1
3
3
9
16
51
31
7
21
4
6
11
9
19
7
3
7
10
36
4
6
4
33
50
11
5
56
5
75
46
12
8
35
11
10
3
2
26
6
4
5
84
45
72
7
3
3
15
75
2
18
13
3
53
29
52
14
5
40
6
3
95
19
14
3
3
28
37
6
24
5
117
4
15
27
41
20
33
14
8
3
10
16
3
4
74
5
5
66
6
38
4
6
28
8
5
24
16
8
7
84
5
3
3
9
7
6
4
3
3
45
32
2
7
11
3
3
3
11
4
3
6
3
4
6
5
107
2
74
7
13
8
4
45
5
12
4
2
3
3
8
49
3
25
3
6
7
2
78
3
4
8
11
3
16
42
56
3
4
81
39
3
24
3
4
4
49
4
7
4
6
3
6
50
16
4
2
3
6
107
6
68
3
43
4
2
7
8
3
35
36
6
8
6
82
11
4
2
7
4
4
6
50
25
3
4
4
35
7
6
4
35
2
41
4
3
15
80
8
6
6
5
4
4
23
8
24
12
8
10
38
1
7
3
5
5
10
53
141
27
26
103
3
24
61
4
2
22
3
35
110
4
9
11
5
5
3
5
5
5
2
5
16
32
69
4
3
6
27
3
5
4
2
8
66
7
10
17
8
4
70
4
6
8
7
6
5
9
3
57
2
3
3
12
6
74
94
4
4
4
7
30
5
8
2
6
3
4
40
7
9
5
3
17
23
59
5
5
3
35
85
5
5
4
6
4
3
32
5
3
4
5
14
128
6
16
3
2
26
6
11
7
4
8
37
36
2
4
15
3
7
9
2
4
3
59
8
4
5
2
22
3
27
11
7
3
41
2
6
8
2
3
58
12
32
61
3
3
16
59
40
3
75
14
6
8
6
3
7
5
3
4
15
43
3
15
10
119
17
57
6
5
4
31
6
76
69
5
6
17
5
4
6
5
4
2
9
4
2
3
4
5
2
2
4
30
6
5
147
3
24
3
6
21
3
8
10
2
18
3
3
4
2
3
52
54
5
5
18
5
27
13
2
4
2
4
3
31
7
5
67
13
7
107
4
22
3
66
8
26
3
41
36
6
7
17
4
41
2
52
2
42
3
2
15
1
5
16
6
3
4
5
62
7
16
14
18
3
14
3
8
1
4
39
5
43
2
4
42
63
3
4
23
2
57
20
3
11
6
85
7
8
2
3
58
13
8
46
23
75
4
2
3
3
3
86
3
4
4
4
18
4
45
2
3
65
14
2
26
31
25
12
39
9
3
84
3
26
116
3
3
16
5
7
5
5
17
5
31
26
11
36
6
16
3
2
4
3
48
4
4
2
5
38
9
128
1
50
12
4
10
73
4
7
22
20
6
3
28
65
22
3
38
49
11
2
45
4
2
4
5
65
12
4
24
3
7
4
6
5
14
4
6
2
54
3
46
39
6
7
16
22
64
2
2
3
6
4
62
6
24
34
4
4
3
4
24
44
3
70
5
5
2
2
6
5
7
12
7
4
3
82
78
3
8
2
7
3
15
30
2
34
10
23
38
5
35
4
6
4
3
6
4
2
6
2
10
4
5
34
8
97
4
44
5
39
4
8
2
5
27
21
28
4
14
8
70
5
24
8
73
56
3
79
22
3
2
60
9
2
4
4
22
4
17
2
3
23
5
33
8
47
31
15
5
1
24
3
54
84
6
5
46
4
3
3
6
61
79
3
5
13
2
8
20
26
6
5
6
6
8
6
4
4
17
60
12
6
3
22
2
6
3
3
11
8
58
7
3
5
9
126
8
4
3
51
53
12
9
8
46
5
4
4
83
3
22
8
27
16
4
4
4
31
86
79
17
43
16
5
4
7
6
5
3
4
30
75
23
3
5
6
8
3
2
14
36
58
10
79
78
8
51
47
4
2
1
3
24
16
3
36
2
23
2
2
47
39
47
3
3
4
6
56
15
3
4
36
34
5
6
16
17
13
28
3
108
4
8
3
5
4
17
47
16
29
3
7
42
38
4
2
4
5
10
3
2
4
11
51
4
6
3
52
32
61
17
23
4
5
93
5
5
40
41
8
8
13
21
2
3
4
2
42
3
4
62
3
3
3
28
6
3
9
4
5
28
4
4
33
9
2
85
105
4
5
4
6
3
50
10
47
4
4
4
2
8
2
13
8
23
4
40
22
5
2
3
6
6
4
6
78
73
4
41
15
61
4
6
3
7
16
56
42
4
5
3
6
15
4
5
23
21
34
65
3
5
7
2
5
31
7
12
68
22
1
50
4
3
63
20
2
6
28
4
8
38
6
6
19
10
3
5
42
6
42
2
113
41
8
8
51
3
3
20
27
31
16
2
19
4
3
17
5
3
3
8
4
82
5
4
4
6
3
61
3
3
24
60
34
22
49
4
6
25
56
2
3
7
79
15
3
3
8
3
5
4
3
2
3
3
27
4
3
8
5
5
3
4
2
5
8
26
34
14
38
16
64
3
3
45
87
3
24
2
3
4
37
7
23
4
4
1
5
28
5
2
30
2
14
39
5
3
2
5
27
35
50
98
7
3
4
8
4
53
3
3
2
46
6
3
5
3
7
5
3
9
43
22
9
2
27
2
50
36
80
3
30
11
23
2
6
2
31
4
37
9
5
3
7
11
4
15
6
4
3
5
2
5
3
17
16
4
8
2
7
2
12
25
4
2
11
14
16
5
5
4
3
5
4
16
108
38
5
35
4
9
31
65
21
12
17
6
5
40
7
77
4
3
6
5
113
3
28
6
3
6
33
16
6
7
2
20
3
3
4
2
5
27
5
10
26
4
7
3
5
3
82
43
6
25
5
6
16
3
3
88
9
3
2
60
6
74
6
4
13
3
3
3
7
14
5
48
22
3
30
5
49
3
13
37
6
10
1
9
5
13
10
5
5
5
6
3
9
5
3
9
79
3
6
3
41
64
3
3
57
22
3
5
43
8
4
3
3
7
2
4
2
4
8
3
2
50
16
3
13
4
33
3
4
2
3
45
4
4
29
14
5
43
5
46
13
5
46
3
3
3
2
2
106
7
36
16
30
57
2
3
49
27
3
4
32
37
16
53
4
44
9
6
7
5
34
2
6
8
3
21
6
25
2
6
27
28
17
4
23
38
46
14
7
7
2
8
47
3
5
4
5
2
6
6
2
4
10
3
66
2
5
9
3
59
4
6
12
5
5
2
12
4
10
4
3
3
50
59
4
3
3
25
19
32
26
36
8
36
18
3
6
4
3
12
4
36
3
46
5
62
4
7
6
34
4
15
15
4
5
3
2
12
3
9
3
4
4
4
6
58
3
13
3
3
16
3
29
53
3
7
5
3
3
9
4
11
38
12
3
10
3
5
9
55
4
40
4
6
5
39
5
8
5
6
19
5
8
4
3
3
7
27
5
6
4
3
156
8
3
3
4
8
5
18
30
10
4
10
13
4
3
58
26
7
3
25
5
33
19
26
68
5
69
5
3
2
13
46
8
5
5
4
3
6
20
11
5
4
7
67
2
18
14
14
4
63
5
17
6
2
12
53
3
13
6
5
28
5
5
3
3
5
35
6
33
76
4
12
13
3
37
5
41
7
2
3
29
4
10
4
30
7
66
2
28
6
34
3
48
6
5
47
5
29
35
5
32
7
95
2
5
12
9
5
26
4
3
15
78
3
14
4
6
47
5
96
33
12
2
6
7
8
3
2
22
45
22
3
4
3
17
6
4
65
31
9
3
3
2
4
41
10
4
5
9
8
2
17
4
5
4
5
3
36
3
4
36
66
5
4
6
4
10
3
53
6
25
5
6
12
4
3
4
34
4
3
51
3
2
13
35
3
12
3
3
40
18
3
7
6
4
3
6
24
11
5
5
6
4
35
4
7
3
1
24
1
18
19
4
11
3
69
28
3
9
88
5
4
12
46
2
27
6
12
4
49
5
5
12
2
17
55
39
3
3
24
3
4
68
6
4
18
7
6
74
55
5
24
3
11
7
14
3
43
2
4
6
4
2
1
6
30
73
4
5
26
30
2
3
5
4
3
14
6
17
9
8
89
4
4
73
76
2
3
35
5
19
12
12
4
19
2
2
4
3
6
6
5
4
3
8
4
6
18
4
64
5
57
62
3
6
6
13
17
4
3
16
3
44
7
3
3
8
15
5
61
2
4
7
2
9
91
26
3
8
6
28
2
3
2
48
4
70
14
3
3
15
4
8
3
3
13
21
17
7
5
3
52
5
3
4
2
2
4
6
15
52
9
39
7
9
4
7
5
7
5
101
4
4
4
6
22
28
32
3
5
48
3
5
5
28
29
47
3
23
2
4
4
10
2
4
11
33
4
11
86
4
32
6
3
22
2
10
3
4
26
4
5
7
3
4
5
3
2
5
2
6
4
6
2
54
3
15
9
16
4
5
4
3
43
3
2
4
6
7
35
5
3
3
4
17
3
4
2
8
18
4
15
6
6
5
5
35
3
3
2
3
3
12
4
5
101
9
45
3
3
6
4
6
10
3
2
3
40
4
45
7
32
14
4
6
2
26
5
5
14
4
6
5
4
38
3
8
5
3
6
3
6
23
4
2
6
3
44
5
3
2
4
3
4
3
2
4
3
32
24
3
38
77
3
19
15
4
5
67
8
12
5
7
32
6
29
113
3
11
32
8
20
4
8
3
3
6
39
6
3
3
4
12
4
2
7
11
4
11
22
4
3
99
15
4
2
39
5
8
53
3
3
25
4
9
16
5
5
61
8
6
2
9
12
6
6
4
4
19
3
8
2
10
3
4
4
7
76
114
33
17
6
3
3
38
15
2
3
10
7
3
5
5
12
2
4
7
29
2
6
7
71
2
82
20
4
4
32
6
25
4
4
3
3
19
2
5
4
13
3
15
46
3
3
19
3
3
3
11
52
3
43
18
5
3
15
2
21
11
3
5
4
77
4
11
5
14
17
5
4
38
3
6
6
60
4
3
31
16
4
39
4
5
13
4
4
10
10
3
9
3
2
7
18
86
2
7
6
26
15
14
4
5
6
43
5
3
2
10
34
13
5
7
98
43
16
3
3
2
3
3
12
2
25
11
7
31
4
5
3
2
4
6
12
15
3
4
4
41
3
29
64
4
3
7
3
6
3
27
4
2
6
6
15
6
3
86
39
2
7
9
4
4
11
3
3
27
7
5
14
9
13
9
5
3
9
7
26
2
2
36
9
3
3
4
5
2
4
7
5
6
7
9
3
2
65
4
7
18
7
8
45
13
34
8
2
4
3
29
4
84
6
12
11
6
5
14
3
4
1
8
4
2
3
36
3
14
39
13
3
37
11
55
3
4
15
4
6
12
5
3
85
44
41
7
4
5
9
26
2
66
3
3
20
9
42
7
7
6
15
4
3
4
5
16
6
54
54
36
3
37
4
3
4
4
4
5
4
58
5
3
6
23
3
11
11
8
10
6
8
16
54
48
71
10
39
5
4
4
47
2
5
28
4
40
1
3
3
5
71
6
2
24
10
4
7
3
4
6
7
5
35
4
22
5
9
3
10
3
9
1
4
30
9
29
6
6
3
32
14
5
5
27
7
2
6
3
3
4
2
6
65
9
2
31
78
4
35
31
5
47
4
3
3
9
15
42
11
6
3
19
3
42
7
5
30
4
9
10
9
12
4
4
8
5
3
59
4
6
4
11
5
17
29
2
5
7
19
79
7
2
10
2
7
3
3
2
5
17
61
31
7
10
48
70
16
32
1
17
42
7
2
3
8
6
5
3
5
15
9
6
9
10
5
3
2
32
7
8
5
4
5
6
58
4
6
2
6
10
4
12
4
24
4
7
3
34
50
4
3
7
59
4
4
6
2
15
4
25
4
2
4
30
2
21
5
10
4
13
67
3
4
4
5
3
3
3
7
8
8
6
3
5
2
62
1
18
2
38
4
40
3
3
58
5
5
2
2
30
4
14
6
7
6
3
3
4
10
8
8
3
3
8
2
4
2
3
45
10
4
10
4
2
7
6
8
6
2
4
5
60
15
24
5
9
57
41
4
6
4
6
18
7
3
14
15
58
3
33
6
27
4
10
4
4
46
6
2
20
41
2
4
3
4
8
84
5
17
17
2
11
59
7
8
6
6
3
37
3
8
5
2
7
2
11
1
3
7
7
39
3
3
8
83
11
35
8
6
19
3
3
9
12
4
9
7
6
10
2
29
19
21
3
9
3
9
3
2
10
41
5
3
42
7
2
4
3
4
2
7
4
8
11
103
6
3
4
87
8
14
6
14
9
3
7
1
5
33
7
25
3
8
8
3
3
9
5
9
6
18
2
4
3
7
3
43
4
5
3
4
59
3
2
4
14
4
3
5
8
6
33
6
29
60
3
8
20
3
10
7
4
8
14
5
46
29
23
5
8
7
5
3
18
4
3
7
2
7
9
67
3
4
4
2
15
3
5
5
4
21
7
16
79
3
3
14
21
10
14
4
60
4
31
25
6
5
11
7
2
36
38
3
3
21
5
3
2
17
78
3
6
45
4
3
3
3
32
10
11
5
3
2
2
5
3
4
3
4
47
28
22
5
4
27
7
6
33
30
5
2
5
6
68
24
8
3
19
18
4
7
13
22
40
22
61
5
4
4
3
37
3
3
18
41
2
4
3
6
16
3
5
8
2
4
49
12
7
3
12
7
5
6
3
5
3
17
4
46
3
18
2
49
2
8
54
7
11
25
18
18
16
8
28
7
14
4
39
7
3
3
3
7
4
18
6
9
2
3
64
23
19
7
5
7
28
9
11
56
3
2
16
3
2
2
5
3
2
42
4
20
4
4
7
6
47
36
4
33
3
19
36
14
4
8
5
3
3
25
9
6
2
4
42
61
3
30
5
13
3
2
16
23
1
34
3
27
11
3
2
3
9
4
18
7
2
4
3
20
4
4
20
6
7
2
7
3
2
12
3
4
3
4
8
3
7
2
5
119
24
4
7
2
4
5
3
4
7
4
2
3
5
8
4
2
44
11
6
2
22
4
4
13
22
2
18
11
3
3
7
59
3
2
36
7
73
5
53
3
5
12
4
2
2
14
12
3
4
6
7
4
7
12
9
8
18
46
12
30
4
7
6
7
5
4
11
4
27
4
4
4
87
71
4
3
3
3
13
35
4
18
3
3
12
4
5
12
4
56
4
2
4
3
19
4
2
23
19
46
3
7
5
40
5
4
16
25
15
4
40
2
11
10
3
3
5
36
29
4
5
10
64
8
4
2
23
9
3
5
3
8
8
17
4
17
38
44
3
32
4
20
39
10
13
3
35
8
59
3
8
6
16
70
63
7
8
4
8
3
3
10
10
4
2
26
56
2
8
3
4
5
4
4
39
22
7
31
3
7
38
6
4
3
4
7
3
33
41
19
31
4
2
4
9
5
7
12
9
10
3
8
11
7
30
42
8
5
7
16
3
8
52
3
3
73
5
8
8
3
36
5
5
42
3
2
4
20
4
6
26
6
49
25
14
5
17
3
6
3
6
2
4
3
3
53
2
2
3
10
2
2
11
3
38
6
13
3
4
5
6
3
41
37
6
8
1
15
7
4
6
24
2
3
3
3
2
3
8
9
7
52
39
3
4
39
3
1
17
18
9
22
5
12
6
1
6
8
8
6
2
56
35
4
8
4
22
17
3
9
3
14
10
4
10
9
7
3
58
2
4
8
7
2
3
4
6
42
16
3
2
4
1
6
6
3
61
10
64
1
12
4
7
3
12
45
23
8
24
3
6
56
1
7
23
4
19
4
9
4
3
5
10
3
2
8
19
35
5
6
10
15
3
3
3
4
10
3
22
22
77
4
3
21
3
6
2
7
3
7
14
7
8
3
4
2
73
5
25
28
2
6
7
6
27
2
12
22
4
5
2
2
5
17
8
67
3
6
4
2
2
4
5
7
7
27
3
4
5
5
5
5
2
41
3
6
18
4
4
6
6
5
7
4
5
3
3
7
5
6
7
7
15
3
33
4
19
2
2
28
7
8
3
10
5
35
4
3
12
4
2
7
2
7
3
34
3
7
3
7
68
26
7
3
3
32
24
7
23
7
1
4
7
7
4
38
3
48
21
7
25
4
4
14
9
5
9
4
3
9
7
6
16
9
3
7
3
37
2
3
11
3
13
4
5
18
3
3
41
4
15
4
17
78
3
32
8
9
18
5
4
5
3
7
4
3
7
14
4
13
7
18
8
3
3
30
3
4
5
4
63
10
3
5
3
6
5
32
28
18
4
9
5
33
8
3
3
42
9
14
5
3
7
15
52
2
40
14
7
42
2
4
37
3
16
35
5
6
7
31
7
3
28
8
3
9
3
3
24
5
15
12
30
3
10
45
3
9
8
5
4
6
9
5
2
16
31
7
2
4
3
25
27
3
4
6
4
6
4
39
7
4
3
4
27
4
7
33
3
7
37
17
3
3
4
5
3
1
7
3
51
12
38
47
3
9
4
4
4
24
21
4
3
2
4
23
15
3
6
4
20
8
50
3
3
7
4
61
6
13
3
33
20
68
3
3
5
7
18
8
4
3
14
8
5
16
2
28
35
33
6
8
7
6
5
20
2
43
3
7
5
4
9
2
7
19
7
24
6
7
5
13
2
5
6
5
6
5
16
15
38
2
10
4
5
4
3
3
6
17
34
5
7
4
3
95
17
11
3
8
2
4
5
28
16
3
29
4
3
8
4
3
8
3
4
6
3
7
47
4
6
33
9
3
4
5
4
2
5
12
4
2
6
7
2
8
76
46
3
13
21
12
38
3
4
9
4
13
3
4
3
3
5
12
40
7
3
12
2
10
4
11
37
3
12
11
3
16
4
3
19
2
3
7
29
2
10
20
4
1
65
8
9
3
6
2
51
5
6
6
4
5
8
3
2
16
15
6
2
19
10
25
4
6
11
4
4
107
12
5
3
7
9
3
17
11
31
16
6
19
3
5
3
5
34
5
22
6
3
4
4
4
5
3
3
6
4
10
3
8
5
4
3
63
11
2
8
8
3
2
3
2
14
9
4
76
2
30
2
23
9
1
2
50
3
4
3
2
3
6
4
12
35
5
3
9
4
4
3
4
15
7
37
4
3
5
72
8
11
9
7
13
3
2
6
10
7
3
7
4
9
3
7
2
18
4
6
8
3
9
4
7
5
12
113
4
7
15
3
3
8
7
7
4
2
3
4
45
4
19
48
27
16
4
50
15
27
4
7
5
7
8
4
23
7
4
7
59
2
2
3
4
5
11
9
6
5
15
22
4
15
7
17
25
6
3
65
3
9
17
8
2
3
2
18
6
6
5
11
8
29
3
6
5
4
9
22
3
2
4
11
21
2
20
87
3
4
3
26
7
3
7
7
4
2
2
19
6
31
5
25
6
9
45
30
4
5
6
3
10
7
7
8
5
21
19
3
59
3
3
5
5
13
18
4
16
5
3
7
32
26
31
28
14
3
6
36
6
3
5
4
7
12
23
5
3
6
16
80
13
6
3
3
3
68
18
37
7
3
8
6
2
2
39
2
22
5
23
3
2
4
4
5
2
5
33
28
5
23
4
17
6
22
16
3
11
3
6
45
24
36
7
26
3
58
21
16
3
17
7
3
4
12
3
46
4
7
7
7
37
3
3
4
2
14
30
60
3
3
3
10
6
15
12
38
8
4
8
46
7
5
30
44
7
33
2
31
3
4
6
9
4
7
10
8
17
47
7
3
7
7
3
20
6
53
6
4
5
11
7
8
36
7
7
13
7
10
4
6
45
7
21
14
3
53
5
5
6
4
2
11
3
3
30
2
4
8
3
3
4
10
5
84
6
3
27
8
16
12
38
5
7
3
6
3
4
42
5
4
2
3
8
28
4
3
2
6
19
46
53
4
17
7
2
7
1
1
5
18
7
26
21
10
7
3
3
41
5
3
5
3
17
22
33
11
9
28
3
4
2
10
6
3
9
18
2
3
7
6
14
7
12
4
4
72
9
5
17
5
9
4
4
2
34
4
17
11
3
10
3
2
7
7
5
4
3
6
2
10
5
46
3
4
9
3
4
25
6
4
4
43
13
8
3
4
6
2
6
6
9
55
7
7
2
2
3
30
3
6
30
8
4
3
7
14
2
9
3
13
21
17
2
4
4
11
7
4
8
35
4
5
22
7
29
1
3
3
7
5
1
3
23
36
3
2
122
8
7
7
7
7
5
15
10
4
5
2
9
10
4
11
8
14
5
12
5
5
3
8
7
7
3
4
4
4
11
2
2
6
4
3
4
28
4
6
72
14
25
4
2
5
42
4
5
45
41
5
38
14
5
6
6
11
7
9
6
5
39
28
31
8
13
4
8
10
3
4
3
3
5
5
11
7
8
14
9
5
48
5
2
6
1
22
28
5
7
4
3
4
7
3
48
4
3
1
6
4
65
7
2
4
4
4
6
16
4
14
7
10
7
3
21
9
5
5
41
15
33
26
3
6
58
5
26
3
2
4
16
5
3
5
36
17
3
3
3
76
6
11
4
59
12
5
11
13
4
10
2
5
25
3
2
38
45
8
2
8
7
8
7
10
6
6
4
6
3
19
7
11
2
6
2
7
2
4
2
3
3
2
30
4
4
5
49
9
4
10
7
4
7
4
10
28
41
10
4
3
27
11
1
5
8
9
2
3
4
2
12
16
5
87
22
6
15
1
2
3
38
10
3
20
24
7
4
4
1
18
7
6
6
25
8
3
2
23
7
5
5
1
3
2
38
3
13
7
7
10
3
63
3
4
7
17
4
6
10
3
4
2
7
8
3
28
26
3
33
21
5
3
5
7
3
4
20
3
7
9
14
12
10
42
2
5
88
3
4
4
7
6
3
6
3
3
9
10
2
3
6
7
11
7
14
3
3
3
9
5
7
2
11
6
3
5
15
10
3
3
3
9
3
77
1
24
2
4
3
41
3
3
50
7
57
4
7
3
4
9
8
13
3
9
2
25
3
6
7
18
9
8
30
3
2
70
13
7
3
4
27
7
8
7
3
4
9
19
22
5
9
4
3
5
24
4
7
8
6
3
5
4
2
7
3
5
5
5
96
9
7
7
10
4
3
3
5
6
3
18
4
6
13
8
4
3
10
8
55
3
3
3
37
19
2
12
3
3
37
7
6
2
47
3
15
7
6
6
3
14
3
10
60
22
5
19
4
27
16
4
44
6
2
5
6
17
3
21
9
8
20
3
1
3
5
2
4
3
17
6
4
5
44
4
2
12
3
16
52
8
9
5
35
5
3
5
6
5
5
25
3
2
1
20
10
40
4
5
22
3
3
7
14
4
51
13
3
7
8
32
20
11
3
3
2
4
16
31
8
4
16
3
16
3
5
25
3
5
13
6
4
2
2
5
36
4
7
18
9
54
19
8
23
5
5
61
55
10
4
2
28
25
26
5
7
4
22
4
13
3
5
41
5
5
3
4
3
10
8
3
21
26
23
10
27
5
4
3
36
2
2
4
5
23
14
3
37
13
28
3
60
8
6
2
12
1
5
2
26
9
5
6
3
38
21
46
3
4
5
3
24
33
6
9
2
7
7
9
18
4
2
3
31
2
5
9
16
24
4
7
54
3
5
60
20
21
13
5
21
2
3
7
6
57
5
6
3
6
6
7
8
9
5
3
5
7
4
30
14
6
8
5
7
7
6
3
4
30
21
5
6
2
4
4
14
4
4
5
7
4
7
7
15
27
22
6
4
5
3
9
11
3
5
43
12
26
5
11
12
9
3
5
8
9
5
4
46
10
82
15
2
5
21
11
5
4
5
3
8
36
7
40
23
3
4
6
23
40
3
24
11
3
34
5
8
7
9
4
5
9
3
16
5
14
3
5
52
5
7
53
3
8
2
15
4
3
9
3
75
3
6
10
5
8
3
10
3
4
59
11
3
42
7
21
4
3
3
7
4
3
11
2
3
6
6
10
31
5
4
2
15
20
3
5
3
4
17
26
3
46
2
24
6
9
10
9
4
3
13
4
4
4
28
56
4
15
17
8
53
4
23
2
37
6
2
5
8
8
2
2
3
7
24
5
8
10
6
8
10
3
20
9
7
41
9
3
4
14
4
7
69
57
11
3
4
4
7
3
7
2
2
3
17
3
12
2
11
2
9
3
23
7
5
4
8
4
10
3
4
3
4
6
6
4
2
37
7
2
11
2
30
40
2
3
29
5
14
4
4
2
51
28
42
25
4
6
4
12
5
6
3
3
4
23
7
3
2
4
3
4
3
31
5
25
9
6
6
26
27
10
9
3
8
4
6
8
5
16
3
4
8
8
5
5
9
28
5
15
5
2
6
4
4
19
32
8
4
3
5
3
6
2
7
2
11
3
2
7
3
29
4
3
3
6
8
31
4
11
47
11
6
4
5
6
3
4
2
3
3
5
5
7
9
5
4
10
60
2
12
24
7
16
5
18
7
5
13
6
7
14
3
42
3
8
4
11
2
8
4
15
28
27
5
12
3
5
20
8
4
30
3
20
7
3
4
4
5
3
18
77
4
27
3
10
13
26
6
13
23
38
4
30
2
5
6
5
10
13
5
2
3
5
57
2
29
4
14
25
3
9
13
2
30
15
42
4
3
20
7
4
8
2
57
8
3
1
8
4
7
4
7
18
56
8
4
5
18
30
4
49
5
7
5
3
4
2
3
3
7
4
11
12
5
2
20
7
3
3
19
7
2
7
6
4
5
6
17
8
4
4
63
13
8
7
5
4
12
3
7
10
18
27
3
12
15
24
12
4
3
5
8
6
39
9
31
3
16
4
2
30
5
3
23
5
3
7
19
49
9
24
4
6
13
17
6
11
25
4
3
39
4
4
3
49
40
6
5
2
5
4
7
7
10
10
17
4
7
2
20
10
5
5
26
7
2
7
3
4
3
5
14
42
7
7
20
7
5
9
2
7
12
3
33
7
22
10
29
4
42
3
5
7
5
7
9
9
5
7
4
2
4
4
9
8
8
10
18
4
9
27
6
16
22
6
3
21
5
4
21
50
31
5
20
16
14
4
9
3
6
5
55
10
38
10
3
9
3
4
3
9
6
16
5
4
3
4
2
2
12
3
13
6
3
9
4
1
45
4
30
6
6
38
1
3
23
2
2
7
62
4
8
11
5
20
12
6
4
26
47
3
5
4
10
29
4
33
6
7
4
5
5
10
5
3
8
4
7
2
19
3
3
4
12
7
25
5
9
57
29
2
3
4
3
5
7
39
4
34
26
17
3
8
3
15
5
17
7
40
39
7
4
3
7
5
15
5
6
2
23
5
5
3
10
2
22
6
16
3
4
2
58
4
3
8
26
3
9
15
3
3
4
32
5
3
8
3
3
6
2
6
3
6
27
2
10
6
8
5
9
5
27
10
3
5
26
1
7
7
7
30
7
29
3
13
4
3
2
7
12
4
5
4
4
7
5
11
4
7
85
15
7
3
2
6
3
23
7
15
3
3
3
10
3
3
2
2
5
7
7
16
3
7
9
3
3
3
11
3
3
5
3
7
11
3
6
20
18
3
3
7
9
2
4
5
30
14
4
7
53
3
14
18
4
6
36
3
15
31
4
5
3
5
5
9
2
3
3
5
3
2
7
6
10
5
7
7
49
2
4
5
3
10
7
6
4
4
11
26
5
14
23
12
17
3
44
4
20
52
16
7
4
9
5
3
9
2
4
4
13
5
52
4
3
3
22
10
2
10
7
8
3
7
27
17
3
2
6
4
6
5
7
13
4
44
40
5
5
5
4
4
7
4
10
13
3
57
2
18
3
5
47
9
15
7
7
5
9
7
6
11
3
8
4
9
13
4
2
9
7
5
55
4
26
3
4
4
3
7
51
9
18
3
12
11
43
3
4
11
3
3
16
8
12
3
4
6
8
14
19
6
17
6
37
7
9
8
4
4
32
44
7
8
2
4
2
14
2
42
5
2
3
6
3
3
3
3
4
3
7
3
5
21
9
24
3
10
3
3
4
7
4
5
7
7
16
5
33
3
4
3
2
74
13
7
2
6
9
1
3
8
9
10
9
4
3
4
2
2
9
6
7
5
6
5
7
5
12
10
3
11
9
4
9
3
4
7
3
9
3
41
5
3
18
5
4
8
7
2
19
4
6
47
16
7
3
32
4
19
24
4
6
3
6
4
3
4
13
2
3
3
5
23
3
1
32
4
3
4
4
4
7
20
16
4
15
2
9
4
21
3
4
6
7
6
7
38
71
12
45
6
5
7
12
19
10
6
7
19
15
4
2
4
5
7
28
7
3
12
25
15
5
5
7
3
3
5
2
5
5
4
10
3
4
4
8
4
3
15
2
11
39
11
5
4
4
3
5
10
7
8
2
3
24
3
5
6
3
2
19
6
3
9
3
6
7
8
11
6
3
7
24
3
3
6
5
4
7
3
13
8
10
6
4
19
3
9
7
6
4
19
9
47
9
5
20
7
17
7
2
7
4
4
5
5
3
63
3
6
11
5
4
49
4
2
5
10
4
5
4
28
5
7
2
9
10
7
10
11
14
9
5
3
28
20
8
14
7
4
4
9
4
3
6
3
5
6
4
5
5
4
6
4
3
2
3
6
9
3
7
9
2
3
11
3
4
21
86
11
7
24
13
8
8
3
7
4
3
2
10
4
14
3
7
23
4
11
3
6
24
12
42
5
6
7
3
18
4
2
2
35
3
3
2
3
9
10
2
4
26
26
4
5
4
8
10
4
26
2
7
5
6
18
5
3
6
3
21
7
7
35
13
3
3
64
5
5
6
7
5
4
18
4
6
8
28
17
4
14
20
2
44
11
5
4
3
2
3
21
20
4
3
2
4
6
7
6
46
3
4
7
3
4
5
30
3
11
3
5
6
12
7
3
4
17
18
4
25
3
11
2
3
3
4
6
5
4
8
7
38
11
4
3
7
8
16
5
4
2
5
5
3
37
20
3
45
13
2
4
6
4
10
7
2
26
4
6
5
3
3
11
20
36
10
5
15
3
4
8
4
29
21
17
10
37
7
6
7
10
2
38
19
6
7
28
31
6
4
24
10
5
5
3
6
33
8
7
3
8
17
9
18
6
8
6
49
38
5
22
11
5
4
9
12
4
6
7
4
7
7
4
28
2
13
3
4
2
4
4
6
4
4
9
8
1
10
8
3
7
14
3
5
3
4
7
23
5
7
5
3
3
2
14
5
9
39
2
4
1
3
3
3
3
6
38
3
3
17
36
11
5
5
4
4
7
10
25
6
6
2
3
15
4
8
3
1
18
10
4
2
35
4
11
3
4
2
7
3
13
3
7
15
6
3
4
6
26
23
10
13
37
3
5
3
13
9
5
3
22
4
1
4
3
3
15
4
8
7
9
5
3
58
3
8
3
4
4
3
7
9
13
30
49
56
4
7
3
19
2
2
7
4
8
4
3
3
17
9
9
2
5
27
5
4
10
6
5
29
8
9
3
22
9
5
3
3
9
24
6
2
3
27
4
3
9
12
6
4
3
5
3
8
22
12
11
69
7
2
8
16
4
3
2
3
3
3
3
5
3
6
8
7
3
4
5
13
7
8
2
13
3
5
3
7
26
14
10
9
9
11
9
14
14
9
3
13
3
37
9
5
21
9
38
11
8
18
4
9
61
4
6
14
8
10
20
2
6
5
3
7
36
7
4
4
4
4
8
14
8
3
6
8
7
4
24
6
10
5
5
1
19
10
8
10
5
26
3
8
19
33
2
5
25
6
7
20
24
8
3
7
27
5
6
3
4
22
12
5
6
3
6
36
7
27
15
16
3
2
9
5
7
5
10
3
10
34
2
3
3
5
3
42
2
9
3
17
3
7
5
11
2
3
40
4
23
8
15
3
10
3
9
7
1
8
6
2
15
4
3
4
5
32
3
6
1
13
6
7
5
23
39
8
8
4
31
26
10
12
15
8
6
5
6
5
4
4
3
7
3
9
8
40
4
5
4
7
3
3
3
24
4
24
6
3
7
8
10
5
6
3
4
3
23
5
3
2
6
3
3
6
5
27
9
5
4
20
2
34
4
5
7
6
12
4
7
8
8
1
40
5
17
2
10
1
3
4
11
2
6
33
14
17
6
5
5
5
4
3
3
5
2
6
3
3
2
9
2
8
4
6
6
3
3
3
3
1
4
3
7
9
3
16
3
17
16
2
14
8
9
4
3
3
7
4
3
6
16
9
9
8
4
36
7
8
6
11
45
2
2
36
12
24
3
7
7
3
3
9
3
2
13
5
3
2
10
2
3
22
5
2
4
1
2
5
3
8
5
38
7
5
11
9
4
47
8
15
6
3
2
2
22
7
5
10
10
4
11
3
4
11
24
3
26
9
6
3
8
26
7
4
14
39
2
36
4
8
35
3
3
6
4
4
3
5
4
5
7
2
22
5
12
5
2
6
8
19
7
5
24
10
37
4
7
10
9
2
16
18
2
2
3
4
6
12
12
6
4
3
2
14
4
4
7
13
31
4
29
3
4
10
4
10
22
7
45
9
13
11
6
37
10
42
3
16
4
3
10
2
6
12
10
10
3
6
11
5
3
5
2
13
30
19
20
31
14
9
3
12
2
6
9
12
3
19
5
4
56
4
12
4
2
2
8
6
2
5
3
9
4
7
4
6
18
25
4
10
7
4
3
4
7
3
25
3
3
3
3
11
10
4
5
2
4
32
33
6
4
2
8
8
25
7
12
2
11
7
7
5
5
8
2
18
23
6
6
16
4
2
10
11
7
3
5
4
4
37
7
33
5
7
2
8
30
7
6
3
12
10
6
22
10
27
6
11
3
7
3
54
28
4
23
7
15
4
4
18
4
3
3
4
2
22
8
8
27
17
3
6
9
2
5
4
4
4
3
4
4
3
4
3
12
3
12
9
3
4
4
18
7
5
3
9
7
5
7
18
2
30
35
8
8
50
8
6
8
7
7
6
5
6
3
8
3
3
10
4
5
3
3
7
12
5
2
5
3
9
5
3
6
4
4
5
7
4
3
3
3
3
3
3
6
3
3
8
3
8
8
4
8
33
2
5
7
8
7
21
8
6
4
3
3
2
4
2
8
5
4
25
4
2
4
8
3
4
39
3
6
8
3
11
7
9
8
5
8
2
4
4
21
4
3
10
4
35
3
4
3
4
3
6
2
4
9
3
5
4
3
4
28
20
2
11
6
3
3
4
30
3
11
22
5
3
22
10
3
9
7
11
4
8
3
5
7
3
11
12
3
11
34
14
6
5
6
11
5
19
3
6
9
8
6
1
7
3
4
3
7
8
28
51
6
2
4
2
5
4
6
8
8
5
25
8
4
4
3
7
9
5
3
8
8
10
4
2
8
64
6
7
8
4
3
14
5
7
26
2
5
31
4
3
7
11
8
7
2
8
8
4
10
7
4
4
4
3
3
3
3
10
3
7
5
8
20
4
4
13
3
2
5
25
3
2
4
8
2
3
5
6
4
9
3
5
2
9
8
4
5
10
22
6
3
6
4
8
6
4
4
22
4
12
47
7
10
8
30
2
4
7
28
22
5
26
2
7
7
3
8
8
7
3
5
4
25
24
2
3
16
11
12
7
53
50
2
3
27
23
4
3
2
4
2
2
20
7
4
7
3
13
3
17
3
5
12
4
3
7
29
2
24
4
25
4
4
28
8
15
2
8
9
18
3
14
7
3
11
7
5
4
6
8
5
4
3
8
18
22
3
3
6
4
6
7
9
10
7
17
4
2
9
3
8
6
31
9
4
7
5
7
9
9
9
46
21
3
9
36
14
4
4
8
1
3
9
4
35
3
2
10
20
3
6
9
26
3
4
10
9
8
9
3
3
12
3
5
7
3
9
15
8
4
7
2
20
7
3
15
3
3
15
5
10
2
8
3
11
6
8
6
5
49
16
3
4
3
2
6
2
4
4
4
5
6
5
4
20
2
3
12
6
13
32
20
4
10
3
30
5
3
11
13
3
7
10
10
7
8
8
7
4
7
32
8
30
5
5
23
9
11
3
6
20
6
2
7
17
7
27
13
7
5
1
6
11
2
9
7
8
3
10
4
8
4
5
6
28
5
31
11
5
24
3
9
2
4
11
7
4
14
34
5
7
7
5
20
3
6
3
47
13
34
7
2
6
3
8
9
4
7
7
3
4
3
8
3
16
10
3
8
5
5
4
7
10
5
53
9
13
3
10
3
2
14
7
3
7
20
4
8
18
5
5
8
26
3
16
27
9
2
5
8
2
2
4
5
4
7
1
3
1
4
4
30
9
4
2
9
12
4
30
24
3
30
22
8
3
1
12
7
3
6
3
3
2
9
2
10
5
3
7
25
18
1
4
18
8
3
53
3
4
4
10
9
40
3
7
11
15
3
6
9
4
11
8
4
3
3
5
7
6
6
2
6
4
4
10
5
11
6
9
17
4
5
24
8
6
9
29
3
3
4
5
9
22
4
4
7
2
10
4
7
10
8
4
4
11
3
2
36
46
3
3
6
3
5
2
2
7
6
8
2
18
4
4
14
5
14
3
17
3
19
4
9
10
16
5
7
3
10
3
6
3
28
2
12
4
2
6
3
18
6
6
72
6
6
20
3
7
6
4
3
7
6
7
11
3
5
4
10
2
9
2
4
10
2
2
8
3
2
2
9
7
5
15
12
3
5
3
9
4
2
6
1
3
19
9
3
21
7
4
4
3
15
9
11
25
25
4
3
4
15
2
6
4
16
3
5
23
7
3
6
4
6
4
18
5
7
5
4
38
9
4
7
3
4
5
4
6
5
9
56
5
9
5
1
30
2
7
3
4
8
5
13
2
8
29
3
2
8
4
8
8
5
6
7
8
2
10
9
4
3
2
5
4
8
18
3
22
3
14
21
20
3
26
4
4
7
3
3
6
4
78
8
8
2
7
22
4
19
4
2
9
4
5
7
2
7
4
5
3
11
9
3
5
4
8
6
11
7
21
3
15
3
4
22
1
9
3
11
4
3
34
9
9
9
2
2
9
9
5
4
10
7
3
8
2
5
16
3
9
3
3
19
3
2
5
6
20
30
6
7
3
4
7
4
8
26
34
2
3
3
2
3
45
4
10
10
9
4
4
9
17
24
20
3
15
6
9
9
4
2
3
43
36
3
2
3
2
7
9
4
2
5
25
28
7
8
3
9
3
4
10
8
5
12
19
10
2
3
19
4
13
4
23
5
8
2
8
2
10
3
2
9
7
8
30
7
11
3
9
3
36
2
9
3
2
4
1
2
2
25
33
3
23
7
31
3
6
13
4
15
3
2
13
4
3
6
8
7
2
7
3
3
7
47
4
14
5
4
4
5
2
2
9
7
14
3
4
3
5
3
2
10
3
10
4
2
36
16
19
4
2
6
2
2
13
18
4
16
20
4
9
7
3
4
16
2
16
7
3
4
8
24
9
2
6
2
8
35
7
30
2
24
6
29
19
3
10
8
14
3
7
6
2
20
3
3
13
7
7
2
8
7
5
5
4
7
3
34
4
3
5
3
6
73
6
7
5
4
3
15
3
33
3
2
8
11
23
4
6
2
18
3
18
8
11
42
4
15
2
4
5
9
2
3
22
2
5
8
4
11
4
8
4
8
3
6
43
17
14
6
9
10
17
23
7
3
4
3
6
42
3
9
4
4
7
4
3
6
3
3
4
3
3
18
7
3
3
27
5
19
3
9
4
8
3
9
4
3
13
3
5
28
7
28
3
3
4
3
3
5
5
2
7
13
4
4
10
5
12
8
5
4
9
2
4
11
5
3
25
5
14
3
30
4
4
4
7
17
12
3
3
4
4
1
17
11
3
5
14
5
19
8
7
2
5
3
3
2
7
13
5
4
37
10
2
5
30
8
11
13
12
9
4
21
42
3
6
12
3
4
5
13
15
5
3
3
3
8
7
17
31
2
2
6
2
13
11
5
2
20
59
4
2
3
16
12
3
2
5
3
18
6
6
7
9
5
4
5
4
6
3
10
10
7
4
4
8
6
10
3
7
8
4
7
3
2
7
14
3
6
10
7
18
8
18
6
4
4
4
3
4
9
4
8
25
7
46
21
10
2
30
1
12
6
7
22
3
35
4
2
5
3
3
5
8
8
3
7
4
21
7
18
3
5
7
11
2
9
4
3
7
15
2
26
3
16
1
2
34
13
5
8
28
8
3
6
14
9
5
26
9
3
9
3
4
10
46
4
4
3
30
4
28
4
3
4
10
8
3
11
4
3
20
2
14
15
5
6
5
6
9
17
9
20
4
9
8
13
32
11
3
3
43
9
27
6
3
6
4
9
3
4
7
11
5
10
16
4
48
11
4
7
10
24
13
5
12
4
8
21
8
9
11
27
3
7
7
2
12
16
7
1
2
4
9
10
26
2
15
6
9
13
3
2
6
4
4
7
7
7
8
7
7
3
10
10
4
4
5
7
9
6
8
2
8
2
12
7
6
10
3
7
3
38
2
3
6
10
10
3
9
30
56
3
9
2
4
9
5
3
8
7
9
5
5
3
6
16
6
13
4
8
7
3
37
5
9
5
19
3
11
3
4
4
4
5
3
4
5
9
2
2
3
6
4
14
8
5
13
14
2
5
23
2
3
7
4
4
42
10
3
5
3
6
10
3
2
4
3
4
7
9
4
8
2
9
3
7
4
8
14
21
6
2
7
10
5
17
7
9
6
13
3
3
10
2
3
4
6
6
3
5
26
6
16
7
36
21
4
3
2
7
5
7
3
3
5
3
9
3
5
4
3
21
2
3
9
7
9
7
10
8
5
5
4
7
8
10
5
4
6
7
8
35
3
8
3
4
4
9
3
20
8
35
2
2
53
3
3
11
3
6
5
3
3
10
6
2
5
4
10
6
2
3
9
6
8
7
9
3
3
10
3
45
7
4
3
7
4
11
6
3
2
6
14
4
19
8
7
14
5
3
8
4
7
3
4
7
3
4
6
9
6
10
44
9
14
6
2
3
4
5
27
40
18
9
23
9
6
3
2
9
2
9
41
24
3
9
6
8
9
8
3
4
4
5
19
7
19
1
8
8
7
6
2
9
3
18
10
3
4
3
19
5
7
3
3
3
7
23
4
12
4
7
7
17
3
10
4
7
18
6
8
12
10
2
3
3
7
7
20
5
15
3
3
3
4
2
3
3
61
4
5
2
2
6
14
2
8
16
31
7
4
10
4
2
7
3
19
5
8
5
6
16
7
8
2
2
11
5
4
5
2
7
5
2
8
6
7
9
6
39
4
12
4
3
4
3
4
6
2
3
3
30
3
6
4
26
5
3
11
14
13
8
4
50
2
9
2
3
33
2
4
8
9
3
5
3
3
11
9
24
4
10
19
5
4
6
25
2
3
2
3
3
2
10
5
7
4
3
3
10
9
32
9
12
5
2
2
10
43
2
17
10
16
2
15
4
12
2
7
4
3
5
3
30
4
4
3
6
7
3
18
3
9
5
3
4
2
11
3
4
2
17
3
8
3
5
9
20
4
4
8
16
2
3
7
7
5
4
5
28
10
11
7
5
20
3
9
5
34
6
1
28
15
38
39
10
3
3
11
6
10
6
8
6
10
20
4
3
10
3
9
7
26
7
9
9
2
23
3
9
3
18
9
4
2
40
6
3
12
7
3
2
46
10
3
3
12
6
3
19
5
4
4
5
8
3
21
12
10
2
7
12
3
4
2
3
6
8
4
6
10
2
3
5
18
3
7
5
38
17
5
4
6
14
10
27
2
15
4
2
3
2
4
15
4
3
16
9
9
4
4
3
14
7
11
12
6
4
5
16
7
2
6
2
7
15
2
23
8
10
4
4
4
5
7
7
6
29
8
7
6
2
4
24
25
7
7
3
3
8
8
4
3
10
16
10
4
9
8
4
4
2
2
15
9
4
11
47
2
37
15
4
9
34
5
7
5
4
10
3
3
4
2
4
3
3
5
17
3
13
3
5
18
16
5
6
5
3
3
18
7
3
38
3
6
13
3
10
22
6
5
11
37
2
13
5
9
16
2
18
7
4
9
37
8
9
3
6
2
3
5
3
4
9
4
4
29
6
3
22
11
7
21
4
9
7
3
4
3
9
2
3
6
5
14
8
4
3
4
5
8
9
18
3
3
5
9
6
3
18
4
4
3
3
3
6
8
6
2
7
8
14
5
3
4
4
10
3
3
5
3
3
7
2
4
2
2
4
2
5
28
6
3
9
9
6
3
1
7
2
2
2
8
28
4
3
2
4
3
4
14
3
11
4
3
3
4
22
5
6
22
2
10
3
3
6
4
2
7
1
10
4
17
3
5
4
8
14
4
4
4
5
4
8
4
19
8
9
8
8
65
23
7
19
4
5
3
5
5
5
6
8
2
4
5
13
7
9
8
4
3
8
10
2
13
3
11
5
3
3
5
6
18
7
43
26
3
9
8
3
5
5
8
21
5
5
7
8
7
2
14
15
3
2
8
4
6
9
6
4
9
8
10
4
32
8
11
8
6
3
5
8
16
5
41
7
10
3
9
2
3
17
2
7
4
7
10
3
5
4
3
4
4
5
4
14
2
5
6
3
7
3
5
10
16
6
3
7
12
5
3
4
8
3
5
4
6
9
9
3
7
7
33
4
6
9
4
7
9
4
3
11
8
3
4
4
8
4
3
2
7
7
2
4
7
11
4
23
4
2
16
8
16
3
12
6
3
3
3
3
4
17
11
8
3
7
3
45
4
21
11
6
13
5
9
4
26
2
3
9
5
4
2
3
3
8
2
3
22
2
8
7
4
7
8
4
7
9
5
7
3
2
32
7
8
26
28
4
4
13
33
3
5
8
7
4
12
23
24
7
4
4
22
3
11
3
12
15
8
4
4
9
2
3
3
6
4
5
9
4
4
3
4
5
3
34
8
6
5
7
2
3
10
3
5
4
2
8
10
8
8
4
4
11
27
11
10
4
9
17
3
7
7
16
8
33
18
42
6
2
6
6
10
17
9
5
13
6
8
49
5
3
13
7
7
5
3
20
4
3
4
3
4
9
5
29
5
2
5
4
7
1
3
3
12
8
9
6
11
8
4
4
9
17
24
3
3
24
3
2
3
2
3
7
19
9
4
8
22
7
8
5
4
33
7
6
16
18
3
12
4
3
4
8
2
3
7
17
4
5
10
2
25
5
3
9
6
6
8
9
3
24
5
4
3
13
7
6
9
2
14
1
6
10
3
8
4
17
21
6
6
4
2
6
3
3
3
4
6
2
8
6
4
4
24
14
4
8
3
5
9
5
21
2
4
8
15
4
3
6
6
7
4
3
7
25
27
2
2
5
4
8
3
5
9
2
10
10
5
20
2
4
5
4
10
18
7
3
3
5
3
3
4
7
8
7
10
3
21
12
9
3
3
12
3
7
14
4
4
4
9
21
4
3
7
17
3
2
8
22
5
3
5
12
3
4
4
7
44
2
8
5
8
8
2
9
3
3
4
7
5
4
4
6
3
10
7
7
20
3
11
5
8
9
33
4
2
3
10
4
7
3
14
27
26
3
5
8
3
11
31
9
37
4
48
6
6
7
23
9
4
3
4
3
3
23
8
3
13
4
12
2
6
7
4
9
2
2
10
6
15
6
6
4
6
3
6
16
3
15
1
2
7
38
6
9
1
3
18
1
3
11
5
4
7
20
5
2
18
2
3
4
2
8
15
20
3
2
5
3
7
10
4
23
7
12
44
14
4
3
4
16
8
9
3
16
3
5
5
3
5
3
14
2
3
4
25
1
9
8
19
6
8
7
20
3
3
26
38
16
16
10
4
1
10
5
4
6
4
3
9
3
1
4
7
2
9
37
2
5
14
8
5
53
3
18
6
8
2
22
9
21
3
7
9
42
7
2
4
20
5
3
7
7
8
6
7
1
5
15
3
6
8
19
4
4
24
7
11
12
8
10
6
4
3
7
8
6
5
2
8
3
11
2
10
7
8
9
5
6
4
9
9
12
4
3
5
4
2
5
18
6
4
7
4
5
5
10
10
5
26
10
3
2
17
8
2
3
4
3
4
3
3
2
5
6
32
30
4
3
8
8
3
15
36
5
2
8
3
15
9
10
5
7
2
5
7
10
5
8
6
7
4
12
6
5
11
5
6
4
3
4
10
4
4
8
5
3
2
44
7
2
3
14
12
3
3
5
11
24
4
3
6
7
18
11
20
4
8
7
8
8
3
4
6
3
7
8
3
4
1
18
8
4
30
46
4
3
10
2
17
2
2
8
6
7
8
4
9
5
7
4
3
3
10
4
9
28
5
16
3
6
3
10
4
2
15
5
5
4
21
2
10
13
3
3
4
8
24
21
8
24
6
8
3
4
28
4
15
2
3
3
3
4
5
20
3
26
4
4
3
10
4
8
7
7
5
9
3
9
46
12
6
13
3
6
4
6
28
6
3
7
3
14
8
2
8
4
4
4
8
4
3
24
2
6
8
27
9
8
3
33
26
5
2
11
12
16
3
3
1
10
8
19
9
20
2
4
9
3
25
4
4
21
6
5
11
16
3
10
8
4
6
7
33
6
3
3
4
4
4
10
6
10
18
2
3
20
5
10
12
6
3
20
7
4
4
3
4
3
4
10
3
2
26
2
2
4
16
11
25
8
24
6
2
22
11
11
5
10
4
5
2
10
29
4
3
3
13
5
2
7
6
2
3
12
8
2
12
3
14
7
4
3
12
32
8
8
10
3
7
8
5
35
7
14
10
8
19
2
1
5
3
2
4
3
13
4
3
7
3
17
2
5
9
17
22
9
3
4
3
4
4
9
2
3
9
6
25
20
7
4
2
10
2
3
2
9
5
3
13
5
3
4
28
3
56
8
3
5
8
3
4
3
13
2
6
5
3
3
10
11
3
3
21
8
5
8
8
5
39
4
14
9
6
2
3
7
6
3
4
5
8
18
4
4
5
8
3
9
5
9
3
4
15
3
33
10
2
2
3
5
4
5
7
4
5
8
7
2
20
10
9
10
13
14
7
3
3
7
21
3
3
3
8
8
8
5
5
4
5
3
25
3
7
9
19
6
5
5
3
3
7
6
9
4
5
5
4
18
29
4
2
9
3
4
11
15
3
7
20
4
3
6
5
12
9
12
3
44
13
8
8
4
10
7
1
4
3
7
8
3
4
5
7
8
3
9
33
8
14
8
4
3
6
8
20
3
3
7
5
11
48
4
9
20
3
1
29
11
4
4
6
18
2
6
14
3
4
12
6
13
7
5
13
6
3
3
8
3
12
25
5
8
10
5
9
5
6
29
2
6
26
3
10
3
7
7
3
7
9
21
4
32
3
4
15
4
3
4
11
3
6
5
8
2
2
2
5
3
8
7
7
12
8
10
6
5
2
19
8
1
7
10
3
8
8
35
4
9
9
10
5
3
2
16
7
11
19
7
15
7
4
4
2
1
4
9
14
9
3
8
2
6
2
3
8
7
11
6
9
5
25
7
7
37
18
8
4
20
5
10
2
2
11
4
4
2
7
15
4
3
10
17
6
14
2
4
10
7
6
1
6
31
10
5
5
4
8
6
4
33
3
13
3
3
3
12
4
3
4
4
3
14
5
10
3
24
4
3
5
11
3
8
2
32
4
9
6
3
2
10
8
5
5
4
4
3
7
19
2
3
8
7
9
3
9
9
15
10
12
2
9
2
7
4
6
9
5
5
4
9
3
16
6
7
4
5
6
4
6
20
6
9
5
9
6
2
2
7
4
2
5
4
9
4
2
12
10
12
17
7
4
3
4
7
17
3
4
7
17
8
7
10
21
5
5
7
7
4
2
8
16
8
5
6
5
7
3
3
22
2
4
9
7
14
17
3
3
5
2
4
2
24
8
6
5
5
9
4
42
13
3
4
7
7
4
7
3
4
5
5
3
6
3
3
37
10
2
12
12
9
3
17
2
34
2
16
4
3
4
3
13
7
13
3
6
4
7
9
13
7
17
11
8
4
4
8
2
4
6
4
1
3
8
27
6
2
2
11
4
13
3
22
3
34
9
18
8
9
3
2
4
4
7
14
7
5
23
4
16
14
5
14
6
4
8
3
13
7
5
5
3
4
4
15
7
4
4
4
19
10
7
4
3
8
11
6
2
32
13
3
7
3
16
4
6
4
7
15
1
3
13
9
2
13
3
8
7
9
8
2
8
7
40
7
8
22
5
10
5
3
3
3
22
4
28
13
23
6
6
6
3
10
4
2
18
8
12
5
8
3
4
5
13
6
3
14
4
3
31
5
5
4
5
3
12
7
2
2
6
11
7
3
6
2
3
2
6
6
31
2
4
2
2
8
5
19
9
9
4
5
7
4
25
14
6
3
5
5
11
10
3
4
10
4
4
3
6
8
12
13
17
7
6
5
10
10
7
10
3
7
2
6
2
11
63
6
10
10
3
6
7
5
10
2
3
2
6
7
6
7
6
6
3
7
12
3
4
4
7
11
5
3
10
18
7
3
4
5
20
3
6
5
1
6
34
9
5
9
6
7
2
10
1
3
12
14
33
10
4
10
7
8
3
4
5
11
8
8
6
4
6
11
2
34
3
4
7
11
2
9
13
5
11
32
4
25
24
7
6
8
6
4
3
3
3
7
10
13
3
8
9
15
5
5
17
3
3
2
9
3
11
19
5
9
10
8
7
3
30
3
4
3
5
24
3
42
9
9
7
3
3
2
6
8
11
4
8
2
30
4
6
6
14
4
2
3
4
27
6
7
7
2
4
3
3
6
4
4
8
2
6
7
3
14
8
12
10
4
4
4
3
3
14
4
9
9
9
12
26
4
4
9
7
8
20
2
1
4
8
2
33
5
10
9
5
31
13
8
9
5
3
3
4
6
12
2
3
2
28
6
30
9
3
12
2
4
4
2
1
8
4
2
4
3
26
9
29
22
9
13
8
21
8
6
6
8
6
4
5
17
6
18
4
4
5
6
5
2
4
13
4
9
11
13
3
7
6
4
5
7
2
5
3
16
5
4
20
13
12
10
17
27
4
4
9
4
4
4
3
9
3
8
5
4
3
2
6
20
10
5
9
4
2
2
2
1
8
5
3
2
6
10
2
10
4
2
4
8
3
8
1
3
5
3
2
4
10
6
25
4
4
32
2
11
4
15
9
3
12
23
8
12
10
7
9
6
8
6
3
29
5
5
3
12
7
4
2
4
22
5
10
10
3
3
4
3
12
3
6
7
8
5
5
21
3
6
8
5
8
10
9
4
4
6
2
4
9
5
7
4
3
2
16
19
7
21
5
4
4
15
4
8
3
10
6
47
6
2
9
1
2
9
6
45
9
3
2
4
5
4
7
10
5
3
3
3
6
12
8
4
6
3
6
7
18
16
7
17
7
12
2
5
5
2
3
8
13
20
9
5
2
4
12
4
5
7
10
11
3
21
4
2
6
2
6
10
12
14
2
7
6
17
9
6
4
3
8
4
5
49
3
3
3
8
9
26
9
11
3
4
26
13
13
9
6
3
6
2
7
5
3
6
2
5
3
6
3
7
17
3
4
8
8
9
10
7
7
8
8
1
8
3
11
9
5
6
7
10
9
9
2
13
5
1
2
11
11
6
3
6
2
2
23
3
3
4
7
20
4
6
15
9
3
15
3
3
6
4
11
17
6
6
13
3
33
7
8
21
3
22
10
3
2
6
17
4
7
2
4
5
4
2
3
7
3
9
6
5
4
2
9
3
3
7
3
6
9
2
5
5
4
6
4
11
3
7
28
5
3
3
4
3
5
4
22
28
21
7
2
8
3
9
2
3
19
8
4
7
11
6
7
7
9
9
6
3
8
4
9
2
5
6
18
14
2
5
9
2
4
5
3
19
10
12
5
4
3
9
9
4
10
18
5
5
2
14
15
9
4
16
16
3
2
9
14
12
9
11
4
3
4
6
3
6
4
7
4
18
4
7
2
2
7
3
10
7
21
7
3
11
3
10
4
7
13
10
1
4
7
12
3
4
7
3
6
8
14
6
2
20
9
3
3
9
8
5
8
11
9
20
3
8
17
15
7
10
6
6
3
26
3
6
7
5
6
2
9
10
31
10
4
12
10
7
5
4
6
11
15
3
12
27
2
8
6
29
6
9
19
4
5
7
3
6
16
8
10
20
8
20
7
3
9
5
6
3
7
4
6
11
4
11
9
3
8
5
2
3
4
3
6
3
10
12
9
4
8
8
11
6
2
6
1
4
3
11
3
3
13
3
8
4
7
6
4
3
4
9
4
4
9
8
21
6
16
11
3
4
4
4
39
19
4
4
5
5
9
6
9
3
7
18
11
29
6
6
4
6
6
5
9
4
12
4
2
8
2
3
4
3
8
3
4
3
7
11
4
4
8
8
2
14
3
15
10
2
7
4
8
10
10
2
10
8
7
2
16
21
9
3
3
12
5
5
18
5
4
5
1
10
7
11
5
3
4
6
4
4
6
2
7
2
8
2
9
3
4
12
3
9
3
12
3
5
3
3
3
9
9
4
5
3
3
4
9
7
5
18
3
3
4
7
2
40
9
15
4
23
7
3
8
3
2
4
30
5
3
3
14
5
10
12
8
7
1
15
35
2
7
4
2
8
8
8
6
7
10
2
16
7
20
3
7
21
9
3
27
5
8
4
4
28
9
5
9
4
6
17
2
7
5
15
10
9
8
15
6
2
4
5
9
2
19
6
19
4
4
4
12
3
4
5
2
16
10
1
4
14
13
5
4
6
7
14
12
11
6
7
13
12
9
3
29
9
2
4
21
10
3
13
9
1
9
5
3
8
6
4
2
4
7
15
3
3
4
5
3
9
10
11
8
7
4
5
4
9
10
23
4
27
8
14
5
3
4
4
3
4
22
3
30
7
4
3
10
11
7
6
3
4
11
8
3
3
12
3
24
4
12
5
12
3
3
8
7
10
9
5
9
4
7
4
16
3
39
21
3
13
3
10
5
8
2
2
6
20
8
11
9
2
5
14
7
3
3
16
2
4
3
10
5
5
8
16
3
6
18
8
6
7
6
3
10
9
2
7
4
9
5
7
9
3
9
8
3
2
4
3
2
5
2
14
8
10
36
8
7
3
8
5
5
4
4
4
33
3
12
3
15
20
13
17
7
4
7
7
18
14
9
9
7
5
3
24
2
4
3
2
7
8
15
2
7
4
6
11
4
5
3
6
6
4
19
10
3
10
17
5
4
10
25
19
7
4
3
6
25
3
14
3
6
10
3
16
3
2
5
7
10
4
5
4
6
3
2
14
3
15
4
3
1
6
7
8
11
3
2
23
9
6
3
21
12
23
19
4
17
12
5
3
8
8
2
11
8
4
8
3
9
3
11
10
2
3
11
6
10
2
1
6
16
21
19
19
4
8
4
9
11
6
23
1
3
4
4
32
6
10
8
3
10
7
7
17
13
12
4
2
17
7
3
3
11
2
8
3
4
7
5
5
9
3
7
4
4
2
4
2
2
22
4
4
6
15
5
6
15
6
11
9
8
3
3
18
5
11
6
5
9
3
4
7
4
7
5
2
2
5
4
3
9
12
2
2
3
2
9
16
2
11
4
9
6
7
4
5
9
11
5
4
4
4
3
9
3
4
3
4
4
26
10
8
5
7
3
9
8
10
4
11
3
3
5
14
10
4
23
22
2
13
12
14
11
7
3
3
13
9
4
5
15
13
17
27
20
5
5
6
12
4
13
10
11
17
34
6
8
7
6
5
6
3
3
4
7
26
8
9
10
9
3
8
6
3
3
4
9
15
4
3
3
4
2
3
18
6
4
3
2
4
8
10
8
10
16
8
3
9
4
8
4
11
8
8
2
7
4
7
6
7
17
3
29
12
17
5
4
14
21
2
4
4
25
4
22
4
5
2
8
3
8
3
3
3
4
4
3
5
4
5
3
9
15
3
6
8
3
3
5
9
21
24
6
5
5
2
8
15
5
4
3
4
5
2
9
22
3
1
7
12
4
6
4
2
4
16
7
6
6
5
8
12
12
6
1
4
7
7
13
6
10
7
5
6
16
3
6
15
7
5
9
4
2
3
11
4
4
8
2
7
13
3
3
6
10
1
3
10
14
10
6
3
7
12
2
12
4
4
23
4
3
2
2
6
30
2
5
5
8
3
9
3
9
16
7
9
9
5
8
7
8
3
2
6
4
8
4
11
10
10
13
8
33
8
5
16
5
4
3
3
16
27
4
7
4
3
15
7
10
6
6
10
3
14
2
8
13
7
20
20
3
11
5
11
6
7
15
12
7
16
5
7
4
8
2
5
18
4
9
17
2
14
3
4
7
2
3
8
33
8
3
3
3
4
7
2
3
3
9
14
9
6
2
5
3
18
2
4
9
4
10
3
10
7
6
7
9
8
1
4
7
12
17
8
8
4
3
3
10
6
9
33
17
12
13
13
11
11
3
14
31
9
6
8
2
11
6
5
8
5
5
3
8
9
5
3
11
16
6
7
2
9
6
5
11
8
10
7
8
19
26
5
5
11
6
3
9
6
3
4
9
6
9
9
4
4
2
3
8
11
8
10
8
7
7
9
3
11
4
5
5
4
4
7
2
2
2
4
6
2
2
11
3
9
8
18
2
10
26
7
3
17
12
4
8
6
2
6
3
10
14
2
9
11
5
7
5
24
4
2
12
1
11
8
3
2
4
7
11
14
4
15
2
2
10
3
17
3
1
3
6
9
15
6
4
22
8
9
10
10
3
1
5
12
4
5
5
5
8
14
20
2
5
3
2
3
3
5
2
6
18
8
16
3
4
6
22
3
13
6
3
9
3
4
3
6
11
4
5
6
3
4
3
4
4
8
2
18
8
3
6
4
7
10
8
12
4
6
3
11
7
6
15
7
1
9
5
3
12
10
3
11
5
4
3
7
2
3
18
9
8
7
3
5
6
8
7
8
6
23
20
2
10
4
10
10
4
4
4
3
2
20
28
3
3
4
3
11
8
3
7
5
2
8
15
22
4
2
16
14
2
21
6
2
2
5
2
3
5
30
3
12
5
3
7
3
18
9
15
17
20
3
2
5
9
3
9
2
18
3
22
10
6
8
9
14
4
5
3
3
8
6
12
5
7
15
8
5
6
4
6
9
4
3
3
7
3
5
4
7
10
3
9
3
9
3
10
5
2
13
24
4
12
2
10
7
7
8
2
7
3
5
11
5
19
14
11
3
4
6
4
10
6
7
6
3
2
20
9
8
5
3
10
9
9
3
12
4
11
5
5
11
6
49
3
14
2
3
11
2
5
5
8
13
13
7
4
13
4
10
3
7
3
9
4
11
4
4
3
9
5
5
7
8
4
3
2
8
5
2
4
2
10
15
3
17
8
4
3
4
9
4
7
5
4
7
3
4
24
4
10
4
8
15
4
9
12
12
8
14
24
11
8
8
10
2
18
3
12
3
4
3
15
3
5
8
16
5
7
7
8
5
27
7
6
10
3
16
1
3
26
4
11
4
9
3
4
5
10
8
4
4
10
11
4
22
8
9
4
5
9
7
7
7
10
17
7
6
7
14
8
7
2
5
17
6
13
4
2
21
5
4
3
12
8
3
9
3
3
3
21
10
16
7
4
11
4
10
10
4
3
19
4
5
5
7
10
7
3
23
2
4
3
5
13
10
5
4
2
7
3
18
9
9
4
2
16
4
8
3
7
8
7
8
24
7
3
6
14
4
8
3
5
33
3
12
5
5
9
3
6
2
9
11
16
6
5
11
15
7
4
9
6
8
8
4
4
4
20
4
4
8
4
12
10
3
4
7
9
3
4
7
3
5
4
5
3
5
7
6
6
5
9
3
1
4
2
3
8
8
11
6
6
7
10
11
5
14
4
6
8
15
19
5
3
4
15
4
13
3
4
7
4
8
27
4
3
5
2
5
19
13
11
33
5
7
7
6
10
3
5
5
3
4
3
7
2
5
7
8
2
2
7
8
9
2
5
8
7
19
25
1
4
4
3
15
12
4
8
14
5
10
8
7
9
9
3
4
12
5
5
9
3
3
7
11
5
3
2
4
25
7
13
5
2
4
9
3
16
5
3
7
10
8
7
12
8
2
2
15
3
9
5
4
11
15
27
7
23
2
13
6
2
3
4
2
7
4
2
8
12
7
4
20
8
3
8
3
3
4
3
4
4
3
5
4
4
6
4
10
12
4
2
9
8
3
7
3
6
28
6
9
9
4
4
9
8
3
3
3
4
7
4
3
8
2
4
8
1
22
5
9
4
8
17
2
4
4
4
14
4
4
21
8
5
4
8
7
12
3
2
3
4
14
37
9
9
11
13
10
2
12
4
10
8
5
3
3
18
9
9
6
11
6
3
11
10
2
3
5
10
11
2
3
3
3
5
5
4
5
10
4
23
6
9
8
3
3
9
3
10
3
5
4
2
7
5
2
10
11
4
2
4
4
4
7
9
8
7
8
6
14
8
5
10
19
5
2
5
10
13
10
23
7
3
3
3
4
6
2
3
3
3
4
23
6
2
10
4
7
3
15
10
31
9
8
4
8
9
6
3
9
15
5
3
4
4
10
7
15
8
9
19
16
3
5
11
3
5
5
10
3
10
10
10
7
2
6
5
8
4
9
4
2
6
3
23
8
3
8
2
3
2
13
4
5
14
6
3
4
5
6
8
3
9
4
2
3
19
3
10
9
7
3
7
3
13
12
4
15
9
9
2
17
9
8
8
6
3
12
8
4
3
2
3
4
3
2
9
4
18
8
4
17
24
5
24
10
22
7
6
9
4
10
7
3
12
5
9
5
5
36
6
5
8
11
18
7
3
7
5
3
2
3
4
6
2
9
3
7
8
8
12
8
2
10
3
4
8
7
4
7
11
9
3
20
9
9
3
16
7
3
3
5
10
15
10
13
2
7
4
26
7
2
10
8
7
16
8
18
3
11
10
9
11
3
4
6
2
4
7
4
8
8
11
5
4
4
5
3
9
14
4
2
4
5
7
5
18
11
4
24
6
9
9
11
23
3
9
8
11
4
4
25
15
6
22
4
8
8
3
9
7
3
6
10
3
7
3
3
3
7
6
26
7
10
2
9
13
4
8
25
3
7
4
8
2
8
3
13
11
2
2
3
3
3
2
5
10
4
2
7
6
2
8
11
3
2
10
2
2
3
16
9
4
12
14
3
7
4
5
7
3
7
12
13
7
3
11
6
6
3
6
2
22
5
3
3
9
2
13
3
18
3
4
7
4
5
5
9
9
4
5
6
4
9
3
3
5
13
9
3
20
3
5
5
11
22
11
7
2
2
9
3
13
8
2
3
2
3
2
12
6
18
7
8
13
8
9
11
2
3
2
11
25
12
12
12
6
11
4
2
3
3
22
3
22
3
10
3
38
8
6
12
11
4
12
6
14
8
4
2
3
12
5
3
3
2
8
3
6
21
3
3
8
10
6
7
3
8
4
26
9
4
7
16
5
11
7
2
8
19
4
8
10
5
4
7
7
4
9
7
3
3
3
10
9
2
4
3
2
4
9
4
3
4
5
4
7
2
19
8
11
7
8
21
4
8
12
9
5
27
2
12
7
4
9
6
3
8
4
12
3
3
3
9
5
5
2
9
4
2
4
3
11
6
10
3
4
3
16
14
3
7
4
9
4
2
3
20
37
11
6
12
9
8
3
2
2
3
2
7
13
10
7
3
3
13
9
3
5
4
5
15
9
3
12
3
16
2
5
3
6
6
3
12
4
4
3
5
18
3
6
8
10
7
9
12
3
12
2
8
6
7
10
4
5
2
10
3
2
2
7
5
7
29
8
7
8
2
3
5
3
3
11
2
7
4
7
11
5
2
11
5
3
4
16
6
3
3
4
9
7
7
3
12
2
9
12
3
3
3
3
6
10
6
18
1
11
18
2
8
17
13
3
3
5
8
23
12
4
7
3
2
10
3
13
9
13
9
8
2
4
3
7
6
12
4
8
3
7
3
2
18
16
18
7
14
11
7
3
4
7
4
11
2
9
10
2
4
7
10
8
7
18
16
4
5
12
5
4
4
10
12
4
9
3
3
11
4
18
6
5
5
5
11
3
6
5
9
7
7
8
12
7
22
9
12
8
1
15
26
3
5
8
10
7
8
5
5
2
11
5
10
41
3
15
1
7
5
10
5
4
3
8
25
8
3
7
4
6
12
11
6
7
10
8
6
8
3
4
6
2
3
4
10
5
8
8
6
3
6
18
12
11
9
8
12
2
4
6
4
10
10
2
3
3
14
3
7
8
16
8
22
4
9
28
3
3
4
12
3
12
6
2
5
7
3
7
3
3
4
4
8
9
14
7
3
3
6
9
9
6
11
35
7
21
3
7
13
6
4
6
13
2
3
3
5
12
8
7
10
4
8
7
5
2
2
19
3
5
12
7
11
4
10
2
2
18
4
21
8
4
20
11
2
4
4
2
11
16
10
16
4
10
5
9
13
4
15
6
3
5
9
7
4
2
3
6
4
15
15
9
3
12
3
9
5
4
9
4
5
4
3
9
3
8
8
3
9
7
12
2
6
3
4
9
2
8
5
13
15
4
14
2
3
2
3
9
25
7
7
5
7
12
2
10
4
4
7
3
4
4
8
6
4
7
8
23
4
3
13
2
4
13
7
8
12
25
19
6
6
9
1
8
10
4
2
9
3
5
3
3
7
2
9
15
9
5
8
3
2
3
3
3
7
3
7
24
11
3
10
9
3
4
3
2
5
6
6
25
11
3
8
9
4
3
5
11
9
5
11
9
4
3
11
5
8
6
6
6
21
5
8
9
24
4
6
6
4
3
7
8
4
9
5
2
10
6
3
3
4
8
13
5
17
5
8
12
3
4
10
16
3
14
3
4
7
12
4
3
8
2
14
4
2
7
5
2
4
7
3
3
7
11
3
18
11
19
8
2
7
2
9
4
11
3
3
4
11
17
23
9
1
10
16
4
4
7
4
11
25
4
9
3
10
4
3
17
10
5
9
6
4
9
14
5
4
3
8
4
3
3
3
15
3
16
5
4
13
4
3
40
5
17
5
1
13
8
8
4
15
5
10
7
14
4
4
16
5
5
4
8
8
8
10
8
3
8
6
10
4
14
2
11
3
25
8
11
8
8
8
4
2
3
3
5
29
7
24
3
6
8
3
4
6
4
4
21
4
3
7
11
11
2
7
8
14
10
3
1
4
12
9
5
21
4
9
4
6
4
6
15
8
3
7
3
8
7
6
17
5
6
12
2
3
2
7
2
4
3
38
2
7
4
2
3
8
20
9
8
13
7
3
10
7
9
13
3
10
2
5
4
7
3
4
7
9
28
3
4
4
3
4
3
3
8
10
16
23
4
2
7
4
5
12
3
5
4
16
5
7
5
3
2
6
5
9
8
4
5
4
6
14
7
2
5
14
2
7
17
6
5
20
4
10
12
19
6
8
17
6
7
9
15
7
3
7
4
9
3
6
11
6
4
2
3
6
10
35
4
4
4
3
4
4
9
15
10
12
17
3
3
8
4
9
3
6
11
3
5
8
10
9
4
37
6
4
18
11
3
12
6
4
12
2
4
11
7
4
3
10
8
6
14
3
12
10
5
6
8
2
14
5
2
4
3
34
11
3
12
6
4
1
2
9
4
2
7
4
7
4
9
6
7
5
7
3
6
4
13
11
18
3
2
6
9
4
7
4
1
7
3
3
5
9
7
4
4
3
4
6
4
9
3
6
6
3
5
10
2
2
13
7
6
13
3
14
4
4
2
12
4
3
10
2
6
4
2
16
9
2
4
17
5
5
4
3
5
19
5
4
6
11
3
14
6
15
8
4
21
5
2
9
1
6
12
13
4
20
5
6
10
20
7
3
8
21
10
22
14
4
3
14
10
15
7
8
12
3
21
10
4
37
8
18
8
3
6
16
8
5
3
15
9
3
9
12
7
2
2
4
8
5
4
4
9
7
6
7
9
21
4
8
6
7
3
4
8
6
3
4
3
2
22
3
3
25
7
7
11
5
3
22
8
8
3
4
28
14
11
14
9
14
9
4
1
3
24
3
4
5
4
7
4
2
6
4
3
3
5
12
5
3
7
8
10
7
3
10
7
8
9
8
3
8
7
19
10
3
5
11
5
11
3
3
12
11
6
9
7
3
9
14
9
5
11
5
10
5
27
11
5
9
4
7
7
8
4
5
4
7
2
3
6
6
8
9
3
8
7
4
6
8
3
4
3
5
5
12
5
7
7
7
7
3
10
24
3
16
4
8
3
12
23
13
3
8
3
3
4
11
5
4
4
10
9
4
4
4
4
9
10
7
2
2
14
10
2
22
2
9
15
2
7
3
6
3
5
3
2
2
2
11
4
3
18
3
19
2
12
4
2
2
7
2
11
12
2
1
3
7
3
8
5
3
10
19
10
3
12
2
5
3
14
3
8
4
20
9
4
9
3
20
6
9
6
10
14
3
8
14
11
7
3
12
7
4
5
3
8
3
12
11
5
2
3
53
6
8
8
3
6
14
18
12
2
8
2
3
5
6
2
8
2
13
9
3
2
7
5
13
12
3
11
3
4
4
6
3
1
4
28
23
12
15
30
10
5
4
4
13
27
8
6
7
7
4
7
5
12
8
3
27
2
25
23
2
8
4
3
3
1
3
4
2
8
3
29
13
4
10
9
4
3
4
25
2
8
9
4
10
14
3
5
4
5
8
12
5
2
4
7
9
8
3
4
6
4
9
3
2
4
14
8
5
8
10
4
5
23
3
9
4
6
4
10
7
1
6
6
7
4
6
6
2
10
7
4
1
9
8
6
9
12
9
1
6
2
19
2
3
6
2
2
3
3
3
17
4
4
3
5
9
7
10
18
8
9
11
3
14
2
13
25
6
2
5
4
6
9
3
2
2
2
2
11
22
4
5
6
5
4
4
3
15
3
3
4
8
3
6
10
2
7
7
4
3
9
6
2
8
9
9
12
9
13
22
2
8
4
4
14
6
22
2
2
20
4
4
10
2
2
8
1
12
6
2
4
22
7
5
3
14
10
24
9
5
7
2
3
5
22
3
4
6
2
2
4
9
9
5
3
4
4
6
11
7
3
17
8
2
3
17
4
2
2
11
9
6
4
9
2
8
17
3
2
2
4
4
12
4
8
4
3
7
10
2
10
12
2
9
13
24
2
6
7
3
3
15
2
5
3
4
3
4
2
4
4
3
9
3
11
3
12
1
11
3
2
5
20
10
7
6
6
3
10
6
4
3
2
5
8
2
3
5
8
4
5
4
10
19
4
19
2
7
8
12
4
4
10
6
4
6
5
2
13
9
6
9
4
9
10
4
24
6
4
3
5
9
9
7
4
21
8
7
9
3
3
18
8
3
6
9
11
5
9
3
16
16
12
4
8
7
4
12
5
7
3
8
16
7
5
2
3
9
7
11
10
10
4
8
3
7
9
4
2
4
7
11
4
3
5
10
10
9
9
13
4
4
10
4
11
4
2
7
20
8
4
4
4
3
13
3
10
24
5
8
4
8
7
1
4
3
2
8
3
28
10
8
4
15
4
8
4
19
9
6
4
9
14
17
5
6
14
6
3
8
25
2
14
5
3
2
3
2
9
3
8
8
7
3
7
3
9
3
2
4
19
12
17
6
7
3
9
5
6
17
6
3
3
4
18
3
7
7
11
3
7
4
4
3
27
3
11
11
7
6
10
22
8
3
4
16
2
9
3
5
13
9
12
8
5
3
4
6
4
21
3
5
5
10
3
14
6
8
11
5
4
10
12
4
6
8
9
8
5
5
5
31
5
2
8
2
31
12
10
15
19
8
6
7
5
13
5
2
10
7
3
7
24
3
6
2
12
6
3
2
8
2
2
2
10
8
4
3
9
11
9
3
3
3
6
7
5
9
3
5
5
4
9
10
9
3
5
2
8
4
2
10
3
5
3
5
3
10
7
5
2
11
10
9
6
3
3
4
20
12
4
13
3
13
16
20
2
10
18
8
4
4
16
19
7
14
2
6
11
24
9
3
3
4
7
5
23
4
2
5
4
28
4
10
3
13
4
3
7
2
13
10
8
1
6
4
9
10
17
22
4
14
11
4
5
12
16
9
3
3
10
5
14
5
6
11
4
4
3
9
11
16
2
11
2
5
2
9
8
4
7
6
3
15
5
7
8
8
5
5
12
3
8
6
11
7
10
9
8
5
3
11
3
5
8
21
7
5
3
15
9
3
23
6
8
9
16
11
6
3
5
14
5
5
17
16
8
2
3
9
9
6
7
4
4
4
2
7
3
3
9
7
10
5
4
3
4
4
5
4
5
10
7
5
16
17
4
4
4
19
10
3
13
11
2
8
16
2
12
9
28
4
4
7
8
19
11
9
21
3
9
5
6
11
3
4
2
6
11
6
8
11
10
7
6
10
4
11
9
5
7
5
4
3
6
12
9
8
10
3
7
9
5
8
9
3
3
6
3
3
28
4
9
4
2
11
3
10
3
3
16
5
3
4
11
9
5
7
1
5
6
3
4
5
6
2
5
2
6
11
5
5
15
7
5
7
3
2
3
9
3
4
3
4
3
4
11
9
5
5
7
5
7
32
8
7
6
6
4
13
9
11
3
4
3
2
9
2
7
11
3
13
3
3
3
3
6
2
3
9
9
4
13
9
7
2
8
2
5
16
2
4
13
22
4
13
8
12
4
6
21
3
10
7
8
6
8
3
4
9
7
9
2
2
16
3
10
6
3
8
3
5
10
3
8
15
5
5
3
3
4
6
4
4
7
2
10
10
6
13
5
11
12
7
5
3
3
4
3
10
6
3
3
8
10
4
12
4
4
5
6
1
3
2
3
19
2
12
6
8
10
7
3
16
7
5
4
9
18
17
5
2
11
3
19
15
5
10
10
6
3
3
3
7
17
18
5
2
13
1
6
3
22
9
9
24
7
4
6
3
4
1
7
11
14
8
9
4
4
10
4
10
7
6
23
9
16
4
4
4
9
9
10
18
2
10
3
3
14
5
13
2
8
3
14
4
4
4
13
8
6
3
11
1
13
24
4
3
20
7
3
9
12
6
3
10
4
4
7
4
3
19
10
15
7
1
3
8
26
9
3
12
2
2
2
2
7
3
4
7
11
3
5
6
3
3
8
8
4
6
11
5
7
2
21
9
20
3
1
12
12
8
11
6
4
3
5
4
10
1
5
3
9
5
1
3
4
3
7
11
8
9
4
3
5
3
5
8
4
13
5
4
23
10
3
4
14
15
3
6
5
20
8
8
15
4
4
4
6
11
8
6
4
9
4
3
3
10
15
4
1
12
9
10
19
7
3
13
9
2
8
4
5
5
8
5
8
15
9
7
8
5
4
7
3
4
3
3
3
3
5
3
1
4
3
8
4
5
3
5
9
8
7
4
14
3
7
9
2
4
10
8
2
4
5
18
6
6
6
8
10
4
9
4
3
8
4
3
7
11
3
4
3
7
9
8
3
4
6
6
14
6
4
4
28
3
6
4
5
29
9
11
3
3
5
8
12
4
3
3
3
5
2
4
1
6
4
17
5
12
4
3
20
6
16
7
15
2
5
9
3
6
5
5
7
8
9
7
7
21
7
10
2
6
7
14
4
3
11
10
3
3
7
10
10
6
7
11
4
7
1
6
3
3
7
23
10
5
8
8
2
8
7
10
3
4
7
4
4
4
7
4
5
1
11
5
13
6
7
5
18
3
6
8
4
6
3
8
4
3
8
10
12
3
2
3
13
6
3
5
8
7
5
10
5
3
5
5
5
2
4
2
6
6
5
7
8
5
2
8
12
2
2
9
3
3
14
4
3
9
11
13
3
9
5
12
3
8
10
4
12
2
1
4
3
5
6
2
7
9
7
4
2
14
4
14
3
2
6
4
8
7
4
3
10
4
4
4
5
10
5
5
8
3
3
4
3
12
4
6
4
3
3
8
4
8
2
7
5
21
8
3
7
2
3
2
4
8
4
11
5
20
8
15
4
5
9
5
8
20
4
7
7
4
2
7
9
3
7
5
7
5
8
9
6
6
4
3
5
3
3
8
9
5
12
1
18
7
3
6
3
9
4
6
7
3
3
9
7
10
3
8
7
9
3
2
2
9
24
6
11
6
6
9
6
4
17
9
3
4
7
11
10
4
7
7
9
22
2
9
8
4
7
3
7
13
3
7
14
5
8
7
5
3
12
3
4
2
5
5
9
17
6
5
4
8
3
11
6
3
2
5
9
7
14
8
5
6
6
10
11
2
3
8
4
8
5
4
3
8
8
3
3
10
9
4
4
9
2
4
6
6
9
2
5
5
1
3
4
8
13
8
10
4
11
8
9
3
8
4
2
4
3
2
8
11
12
13
10
5
9
10
10
10
2
8
10
5
15
2
3
4
6
2
8
7
9
10
7
4
4
5
3
12
4
8
19
10
20
6
4
12
8
6
6
6
3
9
16
4
2
2
12
4
2
4
3
2
5
5
10
5
6
11
8
7
1
11
9
5
8
38
9
4
4
2
4
8
2
5
5
10
3
8
2
3
3
2
1
15
9
25
4
2
2
4
7
6
7
3
6
12
8
2
9
8
8
3
3
5
8
2
4
7
12
7
11
4
5
5
3
8
9
9
2
5
8
8
8
8
6
3
8
8
10
14
15
16
6
19
11
4
4
7
10
1
8
10
9
4
12
4
8
4
10
8
9
1
4
18
9
4
8
4
4
17
7
4
26
3
22
7
5
5
8
6
11
3
4
5
5
17
10
12
3
10
14
3
8
6
4
5
3
15
10
3
4
10
4
11
6
4
3
3
6
3
8
10
12
4
7
7
12
10
8
4
18
15
7
3
7
15
6
8
7
7
4
4
4
8
9
3
18
6
3
9
3
8
8
2
3
3
3
12
4
8
2
1
3
12
6
10
9
4
9
5
8
13
3
2
11
3
5
10
22
3
12
8
2
5
6
5
10
5
4
6
10
2
3
3
3
9
8
3
2
3
7
1
3
4
8
4
7
2
8
3
20
6
13
5
7
8
6
16
3
8
7
3
14
3
6
6
9
11
8
1
1
5
10
10
10
4
3
4
3
7
2
4
5
21
8
7
16
5
4
7
9
9
6
9
2
3
7
9
5
10
14
7
3
5
11
8
4
3
5
11
3
6
4
10
3
15
9
4
8
14
9
4
18
1
3
10
10
5
11
6
1
4
13
4
3
6
4
6
3
4
5
3
6
3
6
3
5
4
9
4
7
9
4
2
7
9
8
11
27
6
15
2
7
9
9
7
9
9
4
23
14
3
2
2
4
4
15
8
17
9
9
3
22
10
2
5
10
6
6
3
1
3
9
8
4
2
18
3
4
4
2
3
4
4
7
2
8
8
4
3
10
2
10
5
7
8
10
6
4
9
6
5
4
3
4
1
2
3
6
8
13
8
3
3
8
11
7
11
3
9
8
8
2
3
2
11
6
9
3
7
8
12
14
3
9
4
7
14
6
4
13
6
20
16
9
6
11
8
8
2
2
9
9
4
12
4
3
4
10
8
3
14
8
4
9
3
7
6
3
8
8
4
7
4
3
2
2
7
11
10
11
11
3
3
7
7
10
5
6
6
4
2
3
1
6
7
2
2
5
3
5
6
3
23
4
9
4
5
4
10
8
12
17
3
3
2
3
3
2
7
3
7
6
9
18
9
2
7
11
3
2
6
6
3
5
5
17
9
8
3
4
15
3
7
5
4
3
11
5
4
18
11
11
13
4
2
5
3
4
3
3
6
15
3
17
3
7
3
12
3
8
11
5
2
7
6
5
3
4
1
2
8
5
6
9
4
6
3
4
4
6
2
9
14
5
3
13
2
4
2
5
3
2
4
4
5
1
12
19
2
6
5
5
9
11
7
16
2
12
10
8
7
11
5
10
14
5
6
10
4
6
12
5
8
5
5
4
25
20
3
7
9
4
5
4
8
4
7
11
6
4
10
4
3
2
8
4
3
10
3
7
10
5
10
4
2
5
4
9
5
14
2
28
2
3
2
7
11
8
6
13
6
3
6
5
11
4
3
7
16
9
9
3
3
11
5
11
4
10
4
10
3
4
4
9
1
10
6
9
3
4
3
9
8
5
4
10
7
4
6
3
11
15
3
4
4
12
10
6
9
4
9
3
10
4
10
5
2
4
8
7
4
4
15
4
3
14
4
1
3
6
8
3
6
9
9
3
2
8
10
9
2
16
5
2
2
12
3
10
5
7
8
4
4
3
6
15
7
3
5
7
6
4
3
8
9
3
17
2
3
12
1
2
6
5
3
7
11
4
10
3
4
5
6
9
4
2
20
3
2
5
3
22
5
5
2
8
2
13
3
4
2
5
5
7
14
3
9
13
9
12
2
3
5
12
4
6
10
12
3
12
8
4
7
7
7
15
8
10
7
10
11
4
3
11
3
11
5
9
18
10
5
6
4
20
2
5
10
2
14
2
8
5
4
9
8
5
10
4
21
3
19
13
9
10
10
4
6
4
3
4
9
14
7
4
4
3
14
9
8
8
6
3
10
10
9
9
2
10
8
4
4
6
8
5
2
15
12
8
3
2
2
2
4
3
6
7
6
10
9
4
3
8
3
3
5
5
3
5
8
4
13
11
3
18
3
3
5
4
23
4
3
3
6
8
5
5
3
10
9
4
3
3
7
9
2
3
3
3
6
5
9
19
9
7
6
3
3
7
11
8
3
19
4
8
12
3
3
1
14
14
14
12
8
2
2
5
3
3
5
4
12
9
7
9
4
12
12
13
9
13
6
5
8
5
5
14
3
8
6
2
4
9
8
9
9
1
2
4
5
2
18
9
4
4
23
2
3
4
7
3
5
8
7
7
11
3
7
6
5
5
6
8
5
10
5
5
8
12
13
3
9
3
8
10
9
5
25
3
3
9
4
3
11
1
11
10
7
6
8
4
9
5
7
6
11
15
13
9
3
8
9
5
8
5
4
3
12
5
5
2
5
3
5
5
13
3
4
2
10
6
6
4
4
15
8
12
16
3
5
8
7
11
14
2
2
5
7
7
4
4
15
5
5
3
12
9
3
4
4
4
3
13
4
10
9
7
18
3
8
21
4
4
11
6
9
2
9
11
5
3
12
5
7
9
6
11
5
8
9
1
3
5
22
7
5
3
4
2
16
8
12
5
5
2
3
12
11
17
3
6
4
11
8
6
8
5
8
8
10
12
6
5
8
14
8
3
3
1
4
3
4
3
8
2
12
3
3
7
5
7
4
3
7
5
10
7
5
9
3
6
6
9
7
4
3
6
2
4
5
3
4
8
16
7
10
11
5
7
3
8
10
8
4
17
8
17
18
5
6
9
12
8
5
11
12
10
5
10
9
7
4
10
10
9
9
6
8
10
4
1
7
3
7
4
5
11
12
7
12
9
3
6
3
4
3
8
8
5
5
9
4
10
8
3
10
13
5
8
2
2
5
6
12
17
10
5
7
17
3
3
11
3
7
14
9
2
9
12
8
6
2
4
3
13
4
3
7
3
9
7
5
3
5
13
4
8
13
10
2
12
5
12
5
12
8
4
11
4
3
11
3
3
5
11
2
8
10
5
4
4
7
12
3
6
20
6
7
9
8
6
10
5
5
8
8
7
13
3
13
7
8
6
7
6
16
9
3
7
10
4
12
6
14
13
2
5
5
7
12
3
9
4
10
3
5
7
3
6
9
11
1
7
12
6
2
4
10
4
3
10
8
7
6
3
6
3
4
7
4
3
7
2
9
6
10
3
5
4
7
18
2
4
7
3
8
10
2
8
9
4
3
19
9
12
2
17
18
6
20
10
5
8
5
2
7
7
5
8
6
4
17
5
4
12
3
7
6
2
3
16
3
8
9
8
9
5
14
3
11
2
4
3
11
2
6
11
3
5
9
3
5
14
9
5
11
5
5
3
7
11
11
6
12
8
3
9
3
3
1
5
3
8
9
11
3
4
7
7
17
4
3
3
9
5
2
11
2
6
14
7
8
1
4
9
3
2
4
8
4
7
3
4
8
3
9
16
3
11
15
13
6
2
4
8
5
3
15
3
3
11
6
6
10
3
3
4
12
5
4
5
7
11
5
13
10
7
4
5
5
13
2
13
13
13
5
4
3
7
16
8
9
9
5
6
8
7
2
4
3
3
7
2
8
5
8
8
8
5
4
1
2
5
6
4
15
5
9
4
7
4
7
3
6
7
7
13
16
12
12
9
5
2
11
3
15
9
3
2
3
5
4
4
10
2
3
6
3
10
10
2
2
3
1
13
3
3
6
2
10
10
8
10
6
8
13
8
14
3
2
12
10
2
3
10
11
8
10
7
3
5
12
2
4
4
11
8
9
13
4
3
10
7
10
7
2
3
9
4
5
5
5
3
5
12
5
4
4
5
8
15
13
5
14
3
3
9
6
4
11
5
5
8
4
4
5
3
4
4
5
15
5
8
12
3
7
5
9
14
8
5
6
3
6
7
11
3
7
3
20
11
3
5
6
14
11
8
14
8
6
15
8
3
9
16
5
3
11
3
3
10
7
9
3
8
3
4
8
9
2
4
5
3
8
5
2
2
4
3
6
3
5
3
7
2
12
7
14
5
10
10
4
4
11
1
2
18
8
4
5
6
11
4
7
3
10
7
5
3
3
6
4
14
6
10
12
7
2
7
7
3
4
2
10
3
6
4
5
2
6
9
9
11
9
6
9
2
8
10
2
5
2
7
6
4
13
5
4
6
4
3
4
3
12
6
3
7
9
9
11
8
4
11
6
4
8
3
3
11
7
5
11
7
3
10
3
12
2
18
5
2
5
7
7
8
9
4
7
6
8
4
6
4
9
3
3
4
3
8
4
9
9
19
4
5
2
12
3
11
3
8
2
8
2
4
11
7
9
6
2
9
2
15
12
14
8
10
6
3
2
10
5
7
4
10
7
9
4
4
3
6
5
12
6
16
11
13
8
3
12
10
7
1
5
4
10
19
6
12
10
13
9
4
8
1
3
7
4
9
13
7
10
12
11
9
11
4
3
3
5
12
5
8
10
10
8
2
7
2
6
3
5
4
8
11
9
3
4
9
4
2
5
8
1
5
6
2
7
14
12
7
3
3
6
3
11
7
11
14
4
7
2
3
2
8
3
4
16
7
3
5
2
4
13
4
16
2
7
2
4
10
3
5
10
2
2
6
2
10
7
2
4
4
8
5
5
4
8
3
4
4
9
10
3
9
3
7
13
7
1
8
5
12
4
8
8
6
3
3
6
4
6
5
11
5
5
3
2
11
4
9
2
3
9
4
10
8
9
3
2
9
4
7
9
4
3
2
10
8
9
1
3
10
10
8
3
3
8
5
7
8
16
17
2
10
1
5
7
4
8
2
15
13
8
6
19
13
13
6
5
6
3
8
4
4
6
8
8
7
9
7
8
10
4
3
3
12
10
3
3
3
10
11
15
4
2
9
7
11
3
3
8
3
15
3
6
12
7
5
10
3
8
3
2
13
6
10
4
6
3
2
7
7
3
11
16
10
10
7
9
4
5
5
3
2
12
13
2
12
19
5
9
3
3
21
5
3
8
3
11
25
4
11
6
2
4
9
15
4
11
6
3
9
2
4
4
5
3
10
2
6
2
3
6
4
12
8
9
2
2
12
12
9
2
13
4
9
4
2
4
3
7
2
6
11
2
12
3
4
4
2
4
1
11
4
12
3
9
4
7
9
10
10
2
6
7
3
3
13
6
8
5
7
7
3
7
3
3
7
2
8
5
4
11
11
5
4
2
6
11
4
7
5
14
5
17
2
4
2
9
8
3
8
3
4
5
3
10
18
3
14
4
2
6
7
4
2
7
5
3
2
7
3
7
3
3
8
7
4
8
10
2
10
4
3
8
14
10
7
10
3
7
6
3
3
10
8
2
12
12
6
12
5
3
9
3
11
3
8
13
6
3
3
7
2
5
10
8
14
5
4
5
3
8
7
5
7
4
2
10
3
5
8
11
4
7
8
10
4
5
8
13
9
7
15
8
4
3
5
5
5
7
7
10
9
2
9
3
11
10
8
7
7
2
3
2
2
3
3
13
3
4
6
13
11
5
5
9
5
11
4
12
10
4
11
6
14
11
9
8
10
13
3
2
6
15
4
15
4
5
3
5
3
4
13
4
4
3
7
2
3
16
9
2
13
7
4
4
5
17
4
4
3
8
2
7
4
3
2
4
15
4
3
2
3
10
6
5
9
4
4
1
2
6
4
12
4
12
10
4
3
9
5
8
8
3
9
9
3
10
5
4
4
6
4
10
9
14
5
6
3
8
6
8
2
5
10
10
8
2
8
7
2
10
7
10
10
6
16
9
5
4
6
3
2
11
8
6
3
10
3
9
3
5
8
6
9
8
7
4
5
3
6
3
6
12
13
3
6
2
6
3
4
12
14
7
8
9
8
6
9
5
7
7
5
14
4
9
11
8
11
4
6
2
7
7
6
9
4
2
9
6
3
14
12
3
9
12
16
4
4
9
9
5
3
4
8
3
10
10
7
10
8
4
2
8
4
9
5
4
3
13
10
6
7
5
10
3
6
8
10
3
3
2
6
6
7
7
13
8
4
15
8
6
9
4
2
5
9
5
4
2
11
6
7
9
12
10
3
2
9
4
10
13
3
10
10
4
3
10
7
8
8
3
13
4
6
8
12
4
3
6
10
6
4
10
7
8
12
10
4
3
4
4
10
4
5
3
6
3
4
15
5
3
3
15
6
6
18
3
4
4
3
11
7
1
8
7
9
3
3
4
7
9
7
9
11
11
7
10
3
4
3
3
4
4
13
3
3
12
10
2
4
3
17
3
7
10
3
7
11
10
3
3
3
17
8
10
14
14
5
6
8
4
10
6
17
3
4
3
11
12
6
9
20
3
5
12
12
3
3
3
10
4
11
4
6
11
5
2
8
11
10
2
10
6
4
9
3
7
3
8
10
7
10
5
4
9
9
11
8
10
9
10
2
3
2
4
5
3
7
2
13
9
7
3
2
3
4
7
7
19
2
4
3
2
10
15
8
3
8
5
9
3
5
8
6
3
12
7
3
3
8
8
3
3
3
3
3
3
7
4
4
3
3
5
4
14
2
8
9
7
8
4
8
2
7
8
7
3
5
3
5
8
6
4
2
8
10
8
4
11
4
7
5
4
13
4
5
13
10
4
10
10
9
10
3
10
6
5
8
6
10
2
2
11
7
5
9
5
4
24
6
4
9
11
9
8
5
7
12
13
16
8
17
9
5
4
10
18
7
4
3
3
3
2
6
7
10
11
10
7
14
5
3
3
4
10
7
10
10
6
5
3
10
5
12
4
6
10
11
8
4
7
2
10
4
13
4
7
2
8
10
7
4
11
2
9
7
13
3
5
11
9
7
22
4
2
8
12
16
9
3
4
7
4
4
21
10
8
10
11
3
3
3
18
4
6
7
4
6
11
9
11
9
7
11
3
7
5
2
5
2
4
6
6
11
4
8
6
4
6
3
3
8
4
12
8
18
4
2
8
10
14
2
4
8
2
5
17
8
3
5
3
4
8
2
7
7
8
11
3
4
9
9
3
15
5
9
11
3
3
4
4
9
3
2
7
3
18
13
6
4
2
6
11
8
4
7
3
9
8
4
3
4
3
12
4
8
5
4
2
10
7
2
9
6
11
3
8
3
3
6
10
2
2
3
10
3
7
3
4
4
9
7
3
10
5
6
5
10
15
5
4
6
2
3
1
3
6
13
8
18
6
4
2
4
5
3
5
4
22
5
4
6
2
10
4
2
2
2
2
8
3
12
10
15
10
10
5
3
6
6
4
2
2
7
16
4
3
9
10
10
2
6
12
6
8
9
3
4
5
3
11
12
3
10
2
3
4
5
10
6
5
4
4
3
9
9
9
8
4
5
6
14
16
9
7
8
2
3
4
2
4
7
2
4
8
4
20
4
4
9
3
3
8
7
3
5
9
12
3
3
4
5
2
5
10
5
1
11
4
3
3
5
7
7
1
6
10
5
2
11
9
2
7
4
6
7
5
8
9
9
3
4
11
11
9
11
2
7
4
9
14
12
3
9
12
8
10
3
5
4
7
12
9
4
5
3
14
2
5
5
3
8
7
9
11
6
7
5
2
9
7
9
14
6
13
3
5
9
22
5
10
8
8
7
10
6
7
4
6
3
8
6
11
6
2
4
3
12
12
12
11
13
9
6
2
10
5
2
2
3
3
8
3
1
11
3
12
2
6
3
4
10
6
14
2
4
3
8
12
7
5
4
13
11
12
9
4
4
3
8
2
5
10
10
3
12
12
15
8
11
9
3
3
6
3
8
2
5
7
8
7
5
8
5
3
3
4
22
6
7
10
3
7
9
13
4
4
7
9
7
2
10
12
3
4
11
10
2
13
10
1
10
6
14
6
5
3
10
17
11
2
8
5
2
2
9
10
3
14
3
1
14
10
3
3
11
3
3
13
6
3
7
5
4
9
9
3
10
11
7
4
6
10
3
4
3
18
2
4
7
5
4
10
10
6
3
9
2
10
3
12
6
18
10
7
14
8
8
3
3
2
3
3
2
5
10
16
3
2
3
6
7
4
2
6
10
4
9
4
7
3
12
11
6
7
8
3
2
5
2
2
12
6
2
7
7
4
5
5
3
10
11
27
3
13
4
8
3
7
13
3
9
6
4
4
6
13
12
8
5
16
2
10
7
10
6
15
6
13
8
14
11
11
4
5
3
12
3
4
11
5
3
7
3
8
3
10
8
9
3
4
3
13
3
3
18
7
17
9
9
7
10
11
3
7
5
5
10
6
8
5
8
11
13
1
4
20
4
10
10
6
7
4
3
3
8
11
3
9
3
5
7
7
4
4
7
9
1
5
9
10
3
11
2
4
3
4
1
9
11
4
6
4
10
10
3
3
5
18
4
8
5
7
2
6
2
3
4
5
5
3
4
8
9
5
11
10
4
5
12
9
10
12
6
10
3
7
11
16
4
2
5
3
10
5
11
5
1
4
5
8
11
10
5
11
12
4
9
9
5
9
10
2
4
4
7
10
3
3
9
8
9
7
14
7
5
13
3
10
2
7
10
2
7
5
5
11
10
21
3
11
3
10
3
2
4
2
3
3
9
3
10
5
10
2
6
1
8
9
6
7
3
11
4
2
1
6
10
9
4
8
6
2
5
7
13
10
4
4
12
13
10
4
8
6
9
10
8
3
8
8
7
4
10
4
7
9
7
9
2
3
6
2
10
9
7
3
10
3
5
8
2
6
12
5
2
13
8
4
3
3
7
4
11
1
3
2
2
11
4
11
8
2
7
2
3
14
7
11
11
4
2
6
11
2
4
10
13
6
2
9
17
15
7
7
3
13
3
7
3
9
11
4
3
10
10
12
18
4
4
10
4
7
3
7
7
3
7
4
11
6
3
2
7
9
14
3
6
6
9
3
2
5
4
3
1
8
8
1
10
9
6
10
4
4
15
8
12
8
21
8
4
3
13
3
5
5
6
2
11
6
5
9
3
3
12
18
4
6
10
9
9
3
5
11
4
11
3
6
3
2
9
10
11
16
8
3
9
10
2
12
3
3
3
12
7
8
4
7
7
8
7
11
13
10
6
19
18
7
2
11
1
11
5
7
14
13
3
2
5
4
4
2
8
4
7
5
5
4
7
7
13
8
5
12
3
4
8
4
16
16
4
8
6
3
10
4
9
11
12
4
7
3
11
3
5
1
11
3
5
4
3
3
3
7
9
9
7
3
7
4
7
11
12
11
10
20
4
3
2
3
6
5
7
7
3
5
4
11
6
6
9
12
9
10
10
7
6
6
10
7
2
8
3
3
8
12
5
11
3
4
8
2
4
4
3
4
7
10
12
8
4
3
8
11
1
3
4
3
3
4
10
7
4
2
2
8
17
2
10
11
11
2
9
3
18
3
3
7
2
2
3
8
14
1
4
2
6
12
21
3
8
4
4
3
4
7
3
9
5
17
12
3
15
8
2
15
11
2
12
8
7
16
3
6
3
4
10
7
4
2
7
12
5
12
12
4
10
9
3
8
9
5
3
9
6
19
6
1
4
3
3
3
2
6
4
5
3
7
16
1
3
4
8
2
5
3
8
4
3
3
11
7
11
7
3
4
4
9
4
3
6
7
8
5
3
6
3
7
6
9
5
12
8
7
9
3
17
3
18
4
4
3
3
11
2
10
4
9
6
8
4
11
12
6
2
5
5
10
18
3
11
7
8
10
7
9
3
2
8
6
6
7
16
6
5
3
10
7
5
2
8
5
5
11
3
11
2
11
11
3
12
9
9
9
20
3
4
3
5
19
10
9
10
4
7
3
10
3
12
6
7
11
4
10
11
3
2
4
8
3
2
7
8
7
9
4
11
12
4
6
2
4
7
18
11
8
5
2
7
8
8
2
6
9
4
4
10
8
16
3
6
3
6
14
4
7
10
10
4
8
11
7
4
7
5
3
4
5
8
9
11
7
3
3
5
3
3
4
1
8
5
10
7
3
3
7
5
5
6
3
6
3
4
7
4
8
7
6
13
4
3
4
6
10
12
10
4
3
5
16
9
8
2
4
7
3
6
4
3
2
12
12
11
5
12
11
2
16
8
9
21
9
4
3
10
12
6
12
4
4
2
7
3
2
12
9
2
2
4
14
14
4
10
3
5
15
11
5
9
5
8
2
3
9
11
13
2
2
6
2
12
7
12
9
2
8
5
4
3
16
7
9
1
8
11
8
9
8
6
14
4
4
6
10
5
2
11
4
4
8
7
14
2
3
7
2
10
4
3
3
12
4
4
6
4
10
8
3
2
6
4
8
11
3
2
3
4
6
15
4
12
11
3
4
2
3
4
4
4
3
3
2
8
14
3
2
4
12
3
10
5
7
4
4
7
3
3
5
4
11
4
5
6
7
16
3
8
5
5
15
11
4
3
11
9
3
7
18
12
4
7
12
7
12
9
6
11
3
3
3
8
10
4
17
4
9
12
12
3
6
5
4
10
10
8
16
15
10
12
11
11
10
7
6
5
8
3
6
8
4
15
4
3
3
10
13
6
5
14
10
19
5
10
3
3
4
9
7
13
14
7
6
5
3
6
4
3
5
6
1
10
5
5
10
4
3
10
10
18
2
10
17
5
4
6
13
11
5
4
7
11
10
15
4
4
5
6
11
3
3
4
4
13
7
10
4
4
7
9
3
3
2
11
14
4
4
3
11
12
3
6
3
15
7
9
4
12
3
4
10
5
8
10
4
4
4
15
9
2
8
9
3
20
10
5
2
4
9
3
8
3
13
5
10
13
5
5
9
5
10
6
2
1
9
6
7
2
5
11
3
4
6
4
3
3
8
9
10
3
2
7
4
5
4
1
4
8
3
5
10
3
4
3
10
3
8
6
4
5
5
4
6
3
6
8
12
10
4
3
3
8
3
5
4
10
9
12
10
2
10
9
18
9
4
2
6
3
3
4
6
10
4
14
6
10
3
2
12
8
9
11
3
5
3
9
3
4
10
11
5
4
3
6
11
11
2
5
10
7
10
6
4
2
8
7
8
2
5
12
7
2
10
2
12
4
5
17
3
16
18
2
1
3
7
3
5
4
10
4
10
2
3
10
6
7
3
8
4
14
10
8
16
9
3
12
6
10
7
4
11
2
12
9
8
6
8
11
7
10
11
7
6
4
10
2
9
3
20
7
11
5
3
11
17
8
2
4
11
3
10
11
10
9
3
3
12
3
13
14
4
16
7
10
5
2
4
2
7
5
9
11
1
11
10
5
7
11
7
6
6
4
2
5
5
4
2
3
9
14
8
4
2
8
4
12
5
2
3
3
3
9
12
11
12
3
7
7
20
5
15
9
11
6
3
10
8
9
4
7
8
11
10
4
3
4
2
13
5
3
1
3
9
6
8
7
3
4
5
10
10
8
8
11
10
4
10
10
14
7
2
9
11
9
6
1
8
11
8
1
4
9
9
6
2
5
9
6
5
2
2
13
5
14
8
7
7
5
12
3
5
12
2
6
7
4
12
3
10
3
8
5
5
6
3
9
5
8
10
4
4
4
9
9
11
4
10
3
16
4
4
7
3
4
8
3
3
12
5
8
4
5
9
5
8
4
5
4
4
7
3
3
10
8
3
4
1
7
10
8
4
2
7
6
7
3
10
7
8
22
2
10
4
20
9
6
9
2
7
3
4
21
4
2
12
8
7
13
7
4
3
3
11
8
9
6
3
11
5
5
9
6
4
2
11
4
12
7
3
1
7
3
10
2
4
3
4
2
8
2
9
3
3
5
2
6
4
2
8
23
9
3
9
4
3
8
12
5
12
3
10
4
6
3
15
7
3
10
1
6
3
7
7
9
4
9
9
5
7
8
5
3
5
9
5
14
5
8
4
5
3
8
2
6
3
3
7
2
9
8
12
2
7
7
2
7
12
12
11
10
7
10
13
5
10
8
5
10
3
6
10
19
6
4
4
9
3
3
11
7
4
11
8
5
3
7
12
4
20
3
13
10
4
16
3
3
4
4
13
4
3
4
4
7
3
2
14
9
12
3
4
3
10
2
3
12
2
14
6
12
8
4
4
4
3
6
7
7
20
10
11
3
9
7
2
7
3
4
4
3
16
3
7
3
5
5
12
8
3
3
6
5
9
7
2
2
11
3
4
3
11
7
3
3
29
5
11
6
5
3
3
3
17
10
2
8
2
3
3
11
4
4
10
9
3
14
6
3
2
13
11
3
7
10
6
10
7
8
3
12
13
7
12
11
11
10
7
14
10
11
8
4
2
6
3
9
4
5
3
3
8
3
2
3
9
12
9
5
10
6
11
13
2
4
11
12
12
3
9
1
4
19
6
3
4
11
6
7
7
3
10
8
7
5
10
8
3
3
6
5
8
19
3
2
3
2
7
4
4
12
4
6
8
5
3
7
9
13
4
10
5
8
10
8
10
5
6
14
4
12
11
5
4
11
8
3
7
12
9
4
1
5
5
2
7
7
10
10
8
7
11
9
9
9
11
11
8
4
11
11
7
3
4
2
4
3
5
4
4
18
10
4
3
4
9
4
13
6
2
5
11
14
1
10
10
10
2
2
9
7
11
12
7
4
3
4
3
3
7
13
2
5
5
6
25
7
8
7
9
4
3
7
5
4
12
10
7
4
3
14
4
13
5
8
3
4
14
3
4
3
5
9
14
12
6
3
9
2
4
7
7
7
11
4
7
10
12
3
18
4
11
7
8
2
9
4
13
8
2
13
3
3
3
10
5
8
5
8
7
9
17
7
4
5
9
4
8
2
3
10
3
3
12
10
7
2
1
12
3
3
4
4
3
7
5
3
12
3
6
3
4
9
9
8
7
3
7
3
4
6
4
6
5
3
20
6
12
3
2
3
2
12
2
10
11
6
9
3
3
5
9
3
7
3
3
7
12
18
8
7
4
3
2
13
7
14
10
5
13
10
4
3
3
3
3
3
3
9
8
5
9
5
12
10
11
9
5
3
5
5
4
9
6
8
10
10
3
11
7
2
3
11
3
4
10
7
8
15
14
8
3
6
7
3
5
9
5
4
4
3
3
12
6
3
4
2
6
3
14
3
8
6
10
10
12
15
9
13
10
12
3
6
6
9
10
7
3
4
10
4
10
8
4
9
3
10
3
3
8
2
3
12
7
12
3
4
10
10
3
6
10
11
11
10
2
4
3
3
17
5
12
6
5
3
7
10
3
6
3
8
5
9
8
6
4
8
11
2
11
4
7
3
3
3
10
13
12
10
2
13
3
8
4
10
5
10
8
10
3
6
1
18
9
5
3
13
14
11
13
5
3
7
12
5
6
5
3
3
7
10
4
11
8
11
12
12
8
4
10
5
6
4
4
9
2
6
2
10
2
14
3
9
2
3
4
7
10
5
9
3
10
3
3
6
15
9
4
2
7
3
5
9
6
10
4
7
8
13
4
1
4
3
14
5
6
20
6
9
7
4
13
3
4
5
10
4
9
10
1
9
12
3
5
3
7
10
4
7
3
4
3
7
3
11
10
8
4
6
8
11
7
3
8
11
11
6
5
9
2
7
6
5
6
7
6
3
14
3
10
12
3
3
3
11
3
2
10
2
8
3
4
2
8
4
3
3
4
12
3
5
11
6
13
9
2
14
11
3
12
3
4
3
10
5
4
15
9
4
8
5
4
3
7
12
4
4
3
7
7
2
4
3
2
10
5
16
8
8
5
10
16
11
10
4
13
13
2
5
9
4
12
15
9
2
5
10
5
4
8
11
6
4
6
3
4
4
17
6
8
5
10
10
2
11
4
7
5
12
4
3
6
15
16
8
7
4
7
9
7
3
7
8
11
6
10
14
15
5
6
6
3
11
4
18
8
14
7
9
3
2
20
10
3
5
4
4
7
3
8
7
18
8
3
7
7
18
7
10
5
9
3
11
3
4
5
4
3
13
10
3
6
3
14
3
12
12
4
4
11
12
8
13
8
4
8
3
13
17
12
5
6
5
3
5
5
5
3
6
7
3
3
16
11
4
5
7
9
3
3
6
4
8
11
7
3
2
2
21
8
17
3
5
4
3
6
2
9
8
7
2
11
4
5
13
10
6
8
10
4
14
3
11
9
4
3
16
4
4
4
9
5
4
3
10
5
5
8
5
8
11
3
4
6
12
4
2
8
4
11
9
5
10
4
14
3
8
6
9
11
7
1
1
3
3
3
9
7
5
2
4
5
8
4
4
12
6
4
8
4
6
3
5
7
7
7
8
2
4
6
2
12
5
7
9
11
3
7
10
4
13
5
3
7
7
7
10
8
2
3
4
3
7
2
5
2
7
10
7
3
9
10
3
4
6
7
3
5
12
4
8
7
13
9
10
10
9
3
3
9
4
4
3
5
4
10
7
15
5
8
2
5
13
5
13
11
13
11
5
12
6
5
10
2
2
3
2
4
2
5
15
8
10
7
5
3
2
12
7
14
3
12
8
7
16
7
9
9
1
8
8
10
12
6
8
3
15
6
8
4
18
12
11
9
3
17
7
12
3
3
4
9
9
6
5
3
5
10
7
11
10
13
5
2
4
9
5
2
6
6
4
5
6
8
6
8
10
7
12
5
7
6
3
7
9
10
14
3
9
4
1
3
12
11
5
3
6
7
14
13
3
7
3
9
3
4
4
3
13
7
12
9
9
3
2
3
8
5
7
7
3
10
2
3
21
3
14
4
25
7
4
5
3
1
11
6
4
6
2
8
3
6
4
5
10
12
9
8
2
4
9
8
11
4
9
8
4
5
11
11
7
7
10
10
3
6
2
12
6
9
3
4
3
7
9
4
7
5
7
8
10
3
5
5
2
5
6
4
14
13
4
4
5
11
11
7
11
6
12
6
7
9
2
4
7
4
11
3
3
12
3
4
5
3
11
4
3
3
11
2
12
11
7
3
10
3
5
5
1
5
8
10
10
10
11
4
8
12
5
5
4
5
11
6
9
6
8
2
5
3
3
9
5
7
9
4
2
5
6
7
2
8
4
5
9
9
3
6
5
15
8
7
16
10
3
4
5
5
6
10
9
3
8
8
3
11
4
10
11
2
3
2
3
7
6
6
8
3
8
7
11
8
5
2
4
4
12
2
4
3
3
3
11
2
10
9
5
3
4
4
14
3
18
3
2
15
6
3
9
12
9
10
10
1
2
7
9
7
11
11
6
3
5
5
10
5
5
8
10
10
2
4
3
3
10
4
6
7
4
9
6
5
8
10
3
6
3
12
2
6
3
8
3
9
2
8
5
4
7
3
3
8
8
10
3
1
11
5
3
8
4
4
9
11
4
7
2
6
2
13
3
2
5
10
2
5
10
8
4
3
3
9
3
4
2
6
11
4
3
9
4
4
9
12
5
3
9
10
3
15
3
12
1
11
11
3
18
11
6
8
8
14
11
4
6
5
3
3
5
9
11
17
3
4
8
4
10
3
7
5
2
4
8
11
8
9
6
10
4
7
3
1
3
3
9
7
11
4
3
3
12
6
12
9
10
6
3
5
4
11
2
9
12
9
3
9
13
12
5
19
7
9
12
4
4
5
10
4
5
3
14
6
3
2
8
5
8
5
6
5
1
4
10
5
3
6
6
15
7
13
3
10
2
3
2
11
5
3
10
1
7
5
6
7
9
3
2
2
8
14
10
10
11
7
13
11
3
12
6
3
10
16
2
4
3
7
10
6
6
3
5
11
3
6
9
11
2
8
5
3
5
6
2
13
8
9
5
3
10
9
8
12
6
7
4
4
9
11
3
8
3
13
4
3
3
9
6
11
13
6
3
2
8
6
10
3
7
3
10
10
5
8
7
6
2
12
3
4
8
3
7
5
14
10
8
9
11
12
4
11
8
5
2
6
1
7
7
11
3
7
11
8
3
4
2
3
5
5
4
4
4
11
9
15
12
3
13
6
6
8
4
8
6
10
7
14
8
3
9
4
7
9
2
3
11
2
10
2
3
3
5
9
3
3
4
4
2
3
8
9
10
9
3
7
3
3
5
8
9
10
10
11
10
7
3
7
8
2
10
10
9
6
12
8
4
5
10
9
14
3
3
6
9
8
3
13
13
16
4
10
15
3
5
4
4
9
2
3
9
5
10
6
4
2
3
14
9
1
4
8
8
10
11
1
2
6
4
10
8
4
6
4
7
4
11
4
11
15
2
3
6
6
6
14
5
6
2
8
2
10
4
3
4
11
6
6
8
8
13
9
5
10
6
7
2
5
5
12
6
11
4
3
11
4
3
6
11
10
1
11
3
10
8
9
9
9
5
9
2
8
4
10
11
12
23
3
3
4
10
10
4
14
4
4
8
5
4
4
3
7
10
4
7
8
3
2
3
11
6
9
17
4
5
8
4
10
3
6
2
3
3
13
10
6
8
5
9
11
3
6
6
2
10
7
4
10
7
13
3
7
7
12
5
5
9
3
2
5
9
3
13
11
4
2
4
3
6
2
3
3
3
11
2
11
4
4
2
14
2
12
9
10
3
2
21
3
10
4
14
3
3
4
3
13
7
17
9
8
9
4
12
12
5
15
12
1
6
6
2
1
3
8
5
3
6
3
2
6
2
8
11
3
1
2
14
12
3
5
12
5
7
5
5
3
7
5
2
8
10
2
5
8
2
7
8
10
17
7
1
6
4
10
10
3
3
2
11
6
7
3
11
3
3
2
2
4
3
9
7
3
16
2
3
3
3
3
11
2
7
6
4
9
9
5
10
14
3
11
14
4
11
7
5
8
8
8
4
5
4
4
13
2
3
4
8
3
4
3
10
4
5
9
6
11
4
2
13
3
5
7
14
13
6
4
4
9
5
3
4
3
4
5
3
17
7
7
3
10
5
8
3
2
3
3
10
6
10
12
15
5
8
4
3
11
14
9
10
9
2
4
12
7
3
4
5
11
8
8
4
5
4
5
8
10
11
14
13
4
7
3
7
4
8
17
2
8
15
2
8
7
15
10
9
8
7
10
5
4
6
5
6
3
4
2
8
8
3
3
3
8
3
9
9
12
2
6
12
8
3
3
3
3
3
3
13
7
7
2
5
2
7
8
15
3
4
10
6
11
4
5
11
3
13
12
11
8
8
3
9
3
17
12
7
8
3
2
5
12
5
10
6
3
7
7
8
7
9
2
4
7
5
10
11
3
3
10
10
6
10
3
3
3
13
9
10
5
4
3
4
11
6
11
4
12
6
4
3
10
9
4
5
19
3
6
6
14
4
12
5
2
2
5
4
7
10
5
10
7
11
9
11
4
6
4
4
10
7
1
6
2
9
3
5
5
4
7
17
7
3
12
11
5
2
3
9
3
4
9
2
5
20
4
3
6
7
3
13
10
11
7
12
3
12
13
3
4
3
4
3
5
5
10
9
7
8
4
7
4
8
5
11
3
5
9
3
10
8
3
5
4
7
5
8
7
1
16
13
8
4
4
3
8
7
3
13
2
6
11
3
6
10
11
9
3
5
3
7
10
11
3
2
5
2
7
5
7
7
18
13
7
12
3
1
2
4
12
11
7
5
13
9
12
5
8
3
4
3
10
11
1
3
7
4
3
2
13
14
16
7
3
5
3
6
10
2
12
2
4
4
7
4
6
7
2
5
21
10
4
4
5
7
3
9
4
4
3
4
6
4
2
9
10
2
4
12
9
5
10
10
7
5
9
7
2
3
3
6
7
9
5
10
8
2
6
3
14
4
6
10
2
6
2
3
10
4
4
10
7
4
6
4
9
9
3
10
3
5
7
9
3
14
9
5
7
10
3
5
5
9
11
3
12
3
9
11
4
9
8
3
11
6
9
6
13
3
16
17
3
3
8
5
6
11
3
8
7
5
5
6
5
10
5
3
7
5
4
2
2
10
3
9
8
8
4
3
5
4
3
12
11
7
6
3
6
6
4
9
7
4
2
3
11
10
3
4
2
4
6
12
7
7
11
8
12
13
2
11
1
5
5
5
2
4
8
2
4
7
3
8
5
4
3
7
14
3
3
10
12
7
6
12
5
11
2
3
3
9
3
10
3
3
3
6
8
3
3
3
6
4
13
12
13
4
2
7
5
3
3
2
2
10
3
11
6
9
9
2
4
6
11
11
13
6
3
6
6
7
8
2
3
8
6
4
5
8
2
2
2
3
9
8
4
6
10
7
7
3
3
10
13
5
2
8
6
8
13
6
11
3
11
4
3
3
4
4
8
4
6
4
6
10
8
4
4
5
6
10
15
12
10
5
2
3
6
7
6
12
8
9
2
5
9
2
8
9
3
4
4
12
5
11
11
13
10
13
2
2
4
16
4
7
6
10
6
5
3
9
7
10
2
5
3
13
4
8
7
15
4
6
11
5
9
7
4
3
6
6
10
3
1
10
5
8
10
3
8
5
8
3
5
9
9
5
6
4
4
4
4
9
3
8
5
7
9
7
10
6
10
18
3
8
17
4
8
8
2
9
4
10
2
2
11
11
4
13
5
9
3
2
3
3
10
10
10
4
2
7
8
9
14
2
14
3
7
3
7
4
5
3
8
6
7
4
4
3
4
4
6
5
6
6
2
4
4
6
2
3
15
4
2
10
4
18
4
12
8
3
3
3
4
3
13
5
8
3
11
8
4
3
2
4
5
3
3
9
5
3
11
4
2
7
8
8
3
3
9
11
2
5
8
9
6
11
2
5
7
7
10
8
5
13
8
3
12
20
12
7
7
8
3
14
5
7
15
2
7
3
3
10
9
6
7
1
6
5
6
6
11
10
5
5
9
3
3
6
2
3
4
14
12
3
4
4
6
7
5
8
3
12
6
1
12
10
4
4
3
9
7
4
9
2
3
10
7
6
9
18
5
8
5
6
5
3
10
5
7
3
10
11
8
11
4
5
4
3
10
4
10
9
3
10
3
19
5
7
4
3
11
2
2
8
5
10
4
7
10
7
3
3
4
11
8
3
9
3
3
17
4
3
1
2
2
8
10
5
13
9
6
7
9
4
7
5
10
4
8
12
10
5
4
9
10
8
13
4
3
7
8
15
13
5
3
11
5
16
3
9
6
3
9
3
5
7
4
8
6
13
4
5
7
9
7
9
10
4
4
9
12
3
8
12
2
6
5
5
2
4
6
9
3
10
9
6
7
6
5
2
2
8
12
6
4
9
2
5
12
7
5
1
3
5
3
5
17
3
5
7
3
10
3
9
8
9
2
11
10
4
3
2
2
2
3
5
5
13
9
3
5
5
4
6
9
1
11
7
7
11
4
7
13
6
7
4
3
8
14
8
3
5
3
4
4
2
5
3
3
9
4
8
10
5
8
5
12
3
10
3
5
3
7
4
3
8
2
4
8
3
5
6
5
5
10
4
10
5
8
14
4
3
4
6
7
8
4
9
12
8
6
3
6
5
5
3
8
6
9
3
1
16
6
12
3
11
3
11
3
7
7
12
9
15
2
6
10
8
4
7
4
16
2
2
9
5
5
2
8
8
6
8
4
3
4
4
6
10
2
4
5
2
7
11
4
3
2
7
8
8
8
11
4
7
3
3
2
3
7
11
4
12
3
4
5
4
5
3
4
6
3
8
3
10
7
10
2
9
7
4
5
9
5
4
9
3
12
8
2
2
7
6
4
15
7
4
5
4
5
3
7
4
6
10
5
4
4
10
4
3
8
11
11
5
4
3
4
13
14
4
6
3
12
9
3
4
6
3
3
2
9
4
8
9
6
10
6
5
16
2
3
15
2
3
15
10
8
3
3
3
4
15
3
5
9
8
14
13
10
3
3
2
3
13
8
4
5
7
11
6
7
5
3
4
6
9
1
4
3
7
4
2
4
10
2
14
3
3
4
8
3
11
13
3
9
6
3
4
7
11
12
5
8
8
3
8
9
4
4
3
4
9
3
10
5
3
14
13
2
8
1
12
4
8
3
10
2
7
10
10
13
10
10
10
4
4
9
4
5
10
3
4
9
2
4
2
7
5
3
3
5
4
5
3
13
7
3
9
10
13
8
6
12
6
4
7
10
11
6
12
11
4
6
10
3
12
4
8
10
1
11
3
10
10
6
5
6
2
3
6
2
7
3
5
3
9
1
10
15
8
4
10
8
6
3
8
11
4
5
6
11
2
3
13
3
6
6
4
8
9
2
2
9
3
9
2
5
7
2
3
9
14
4
3
10
9
12
11
7
2
9
6
4
11
4
2
10
4
4
10
9
4
10
6
5
9
5
15
4
6
11
5
3
7
11
11
7
10
2
9
6
5
5
2
2
8
5
3
5
4
7
4
7
2
8
4
5
9
10
7
12
3
13
12
5
4
5
9
3
11
20
11
7
5
6
13
2
3
2
8
10
12
1
6
9
10
8
6
12
10
8
4
2
2
13
10
7
5
10
3
3
9
4
8
4
7
2
13
3
5
3
3
3
11
7
2
12
5
4
4
5
7
11
6
8
4
12
3
3
10
4
2
4
9
9
3
9
9
9
19
7
3
2
5
4
9
13
4
7
5
5
4
11
4
19
4
10
3
3
4
2
10
1
3
11
3
13
8
2
7
3
9
4
4
4
5
5
9
5
4
9
3
4
5
5
5
3
5
8
8
3
3
7
7
12
3
7
12
2
4
3
8
9
11
4
4
3
5
4
7
6
5
8
7
6
3
7
11
5
7
5
5
5
13
3
5
12
3
4
4
6
2
6
3
12
3
3
3
16
15
7
4
10
4
3
12
14
2
10
5
4
3
3
5
8
8
4
3
2
3
3
3
4
8
9
2
9
10
5
6
12
3
5
4
5
8
11
4
8
7
8
3
3
7
2
11
8
10
8
6
3
4
4
2
4
8
7
6
3
3
10
11
7
6
3
4
6
3
8
3
8
14
2
4
4
4
3
6
5
1
12
7
14
13
6
10
4
3
6
7
6
13
12
6
4
8
9
7
2
7
7
15
8
9
8
3
3
14
15
12
13
2
11
2
2
11
5
3
5
8
10
5
3
6
11
4
8
16
7
3
4
6
10
19
13
7
15
9
2
2
10
8
11
12
11
17
9
3
4
10
2
4
7
2
14
3
3
10
3
3
2
7
4
4
6
4
2
6
10
11
5
11
4
4
7
18
3
9
2
8
8
9
13
8
3
6
2
3
4
8
3
3
3
11
4
3
7
11
4
6
8
6
3
7
5
2
4
7
13
4
3
2
3
3
9
3
4
3
6
5
5
4
4
11
6
4
3
10
7
3
2
4
3
4
10
13
12
4
5
5
4
4
8
11
7
5
3
4
5
7
2
6
3
10
12
5
8
8
3
4
4
10
10
6
9
3
9
9
5
2
4
13
4
9
14
5
2
4
4
8
10
13
9
11
12
3
3
11
12
4
11
8
6
9
3
9
2
2
16
5
14
8
8
9
10
6
6
7
2
17
5
10
7
6
10
3
13
7
13
11
13
9
7
9
3
4
6
9
12
2
3
9
9
3
4
2
4
3
13
7
9
13
4
11
6
6
12
7
3
3
7
8
2
2
4
11
14
5
5
4
3
6
6
9
7
3
7
9
2
8
11
3
4
9
3
7
9
12
4
12
7
4
2
7
3
11
10
10
13
9
8
2
5
12
4
6
5
6
11
2
2
7
9
11
3
9
9
12
3
4
16
9
11
3
4
15
3
5
3
11
11
7
4
9
4
6
3
13
3
5
4
8
13
3
7
3
6
11
4
12
8
2
5
9
4
7
5
4
10
4
5
4
3
11
4
11
2
2
9
9
3
12
3
9
4
12
3
12
11
2
4
3
8
9
6
4
11
4
2
11
8
7
6
9
4
4
9
8
3
3
7
16
3
8
14
14
4
5
13
3
5
5
4
8
2
4
9
5
6
5
5
2
10
11
4
6
9
4
7
11
12
5
8
3
6
3
8
10
13
2
2
6
6
4
16
6
10
3
10
12
6
4
10
10
4
3
4
4
3
5
3
6
4
4
6
4
2
6
17
7
9
10
3
5
3
3
6
3
10
4
2
9
7
2
8
6
4
3
9
5
4
5
2
7
3
8
10
3
10
3
5
5
4
10
8
3
4
4
6
3
6
10
11
8
9
3
10
6
6
4
9
12
7
11
8
10
6
12
11
3
7
3
11
17
2
8
4
5
8
3
15
5
3
3
10
5
1
6
10
2
4
4
6
11
6
4
8
5
6
2
4
2
2
3
8
12
12
16
4
10
9
6
6
4
7
6
16
8
2
8
5
1
11
7
4
8
8
5
4
7
13
12
3
6
5
11
9
4
9
18
10
2
10
3
8
12
3
4
2
9
8
4
9
9
12
13
4
11
6
4
3
6
2
6
3
5
15
8
4
12
12
3
11
4
7
7
7
6
3
4
3
7
3
12
3
2
4
3
7
9
2
3
6
6
14
8
5
10
3
9
6
6
9
10
8
2
9
10
3
3
3
3
4
5
3
11
10
3
14
3
7
11
4
9
4
6
3
3
6
5
4
4
6
4
6
8
5
7
5
2
3
4
8
13
5
2
13
2
8
4
12
4
2
5
8
10
2
7
5
7
4
11
4
4
5
9
4
2
4
5
2
6
2
2
1
12
12
11
2
10
7
3
11
4
3
4
3
7
6
4
5
10
5
4
18
3
11
11
7
4
4
7
4
13
16
7
10
7
7
4
4
11
4
13
8
3
7
4
5
2
10
3
6
4
5
8
9
3
3
5
7
3
2
2
11
7
3
5
7
9
6
5
3
2
9
12
9
11
11
12
12
5
11
4
10
5
9
8
4
3
9
1
6
3
6
9
5
7
3
3
4
12
12
3
4
10
6
5
6
6
4
5
2
3
15
3
5
3
14
14
11
4
5
9
4
4
10
2
6
15
16
10
9
8
3
4
10
8
5
9
3
7
9
4
6
4
3
3
11
10
14
12
6
6
3
6
8
7
6
8
11
4
4
4
5
5
7
7
9
6
5
3
8
8
11
19
10
12
3
4
7
9
2
3
3
5
4
8
11
9
3
3
7
4
11
8
4
3
13
5
7
7
3
2
4
6
12
2
11
3
7
10
11
3
7
2
7
13
3
4
10
5
3
3
9
2
3
10
11
5
2
11
3
9
14
2
4
5
13
3
4
2
3
4
3
6
4
3
12
10
7
4
6
10
7
2
1
1
4
10
11
6
8
3
14
10
3
2
8
5
9
5
7
7
5
3
8
11
4
7
3
12
3
4
2
11
2
3
9
3
4
5
4
8
11
7
6
11
13
7
2
2
8
16
13
5
3
7
8
3
10
13
12
10
4
5
12
8
4
6
5
7
12
6
14
7
8
10
6
2
2
8
4
9
5
10
15
9
5
5
4
4
3
7
7
5
5
3
3
10
12
6
4
13
3
7
13
8
3
6
9
4
10
7
3
5
5
4
3
8
13
3
3
10
7
3
3
3
4
4
8
13
10
10
8
14
9
12
10
4
2
13
7
4
6
4
11
4
3
3
8
2
5
11
4
10
6
14
4
8
3
2
4
10
5
6
1
4
8
6
9
2
4
8
4
9
4
6
3
3
12
3
4
3
4
10
8
16
3
3
5
8
5
9
2
10
4
10
3
7
5
8
11
3
6
4
11
3
8
3
6
4
10
10
15
3
6
9
6
3
3
9
5
6
3
9
7
9
4
3
3
9
4
8
2
11
3
4
9
10
7
7
13
6
5
3
7
11
8
2
3
4
7
13
4
5
7
6
5
4
3
3
3
9
6
8
8
2
4
15
3
10
2
11
6
8
6
4
12
9
11
4
5
14
8
5
9
9
9
7
10
6
8
12
4
3
9
4
7
3
4
9
14
7
7
14
4
6
4
3
2
6
3
6
6
3
10
15
3
7
3
7
7
3
10
6
11
11
9
2
9
8
3
10
2
6
2
5
5
11
9
13
7
5
4
8
17
12
8
10
4
10
3
4
11
3
13
4
9
13
7
8
10
10
4
8
5
10
11
11
10
11
3
3
3
3
3
3
7
13
6
3
2
2
6
5
11
4
11
12
4
17
5
5
4
5
3
11
12
8
3
8
2
4
7
4
5
14
9
4
2
4
11
16
9
8
6
3
9
1
5
9
11
4
6
3
13
5
12
6
3
6
6
9
7
9
3
10
11
6
6
12
7
7
5
8
4
5
4
11
2
2
6
6
10
12
3
7
8
10
8
5
2
11
7
3
5
8
8
4
3
11
8
8
6
3
6
8
5
4
3
9
18
6
2
4
8
6
4
14
3
10
6
10
5
4
6
10
3
11
14
4
9
6
4
15
10
5
4
9
3
3
5
7
5
5
4
3
9
6
5
9
7
5
7
8
7
12
10
2
1
8
4
12
10
9
12
6
9
9
1
3
4
8
3
7
8
8
4
8
9
3
9
8
9
6
3
5
14
2
8
7
9
3
4
6
3
11
6
10
8
7
8
3
9
3
4
4
7
5
3
4
5
1
10
5
3
4
7
9
4
4
2
1
1
6
13
4
1
2
5
4
8
9
6
7
5
1
3
9
11
2
4
8
13
4
3
4
4
3
4
4
10
6
2
9
9
4
10
8
4
5
10
7
4
5
13
1
5
5
6
10
4
3
14
2
4
3
12
3
11
11
9
10
10
5
3
4
5
10
16
4
10
5
8
7
4
4
17
12
2
4
14
9
14
6
3
13
8
3
12
4
8
11
4
3
8
10
3
1
2
2
14
9
9
2
13
4
5
9
2
9
7
11
7
10
9
10
5
4
3
4
11
3
6
3
8
14
5
10
6
8
5
7
3
13
5
11
8
11
5
16
10
3
5
9
22
2
8
8
8
5
4
7
8
10
10
5
14
9
2
10
5
2
11
7
3
2
11
5
3
7
10
8
4
4
7
12
2
7
9
5
3
6
10
3
4
4
11
7
7
7
8
2
5
3
7
3
2
4
10
3
7
6
4
7
13
9
5
3
3
4
11
11
7
12
3
3
7
4
8
4
3
11
5
11
7
5
2
4
4
3
3
11
6
4
12
10
16
7
11
4
8
4
6
5
4
4
2
7
6
5
9
6
3
7
5
5
3
4
3
5
17
8
7
3
5
3
4
13
9
9
10
8
2
3
7
7
11
5
17
5
13
13
4
15
11
8
12
4
3
4
5
5
5
10
8
5
2
4
6
5
10
8
8
16
6
4
15
7
3
11
3
7
4
4
3
8
8
15
10
10
3
2
8
2
3
14
4
10
4
3
3
9
4
5
2
6
3
3
8
4
1
2
5
4
9
5
6
8
5
1
6
8
2
4
4
1
13
4
5
8
6
2
2
2
10
10
4
11
3
10
3
4
5
4
4
11
10
9
4
10
3
13
2
12
7
3
9
5
3
5
13
8
10
4
9
10
4
11
10
4
10
2
8
5
2
4
4
14
3
3
3
4
7
12
6
5
7
7
8
4
15
5
3
5
13
5
2
4
6
8
5
7
20
5
11
4
3
7
12
5
3
7
21
3
10
4
4
3
3
4
11
3
5
12
6
4
6
13
8
14
10
12
4
7
4
1
12
8
5
3
3
4
5
12
3
10
5
3
6
3
7
11
4
4
12
3
16
5
6
2
9
2
6
8
3
5
10
13
4
7
7
4
8
7
5
11
10
16
3
11
7
12
17
7
3
3
2
2
3
3
11
13
17
7
3
9
6
4
2
13
6
8
4
10
12
10
5
14
3
4
8
12
6
10
14
3
4
3
3
2
11
3
4
6
7
2
2
11
8
5
4
3
7
6
4
4
7
10
5
3
4
8
1
8
8
8
7
3
4
14
3
7
3
4
10
4
11
4
5
7
11
5
3
5
8
4
7
5
7
3
8
3
14
10
11
8
5
3
2
3
11
9
9
9
3
7
5
10
2
3
2
8
11
2
6
16
5
2
11
5
7
3
6
4
8
7
3
8
10
4
3
3
4
12
4
3
5
16
9
3
6
10
4
4
13
10
6
13
9
6
13
2
5
4
10
7
9
12
3
3
5
6
8
11
4
3
7
3
8
11
2
13
12
7
3
15
3
4
5
5
12
5
9
9
3
4
3
11
4
13
9
6
11
3
6
5
2
12
6
5
9
4
11
7
9
7
9
8
6
10
3
9
8
4
4
13
1
3
5
6
4
14
3
15
4
11
7
6
2
12
2
10
4
3
11
10
6
3
3
4
5
3
4
10
5
5
4
10
2
7
15
6
11
3
7
2
7
17
3
4
4
3
6
9
5
4
8
5
2
4
7
3
2
3
4
4
6
9
10
10
2
3
3
4
3
4
13
4
2
3
6
9
6
5
10
3
2
15
5
9
3
7
10
2
10
8
8
10
2
3
9
4
2
5
3
7
3
16
5
2
4
9
8
7
3
10
5
6
3
5
19
3
4
9
8
7
5
10
10
7
12
10
13
10
6
9
6
3
7
4
3
10
1
7
5
3
5
5
5
10
10
3
10
6
3
12
9
11
2
11
6
7
11
2
9
11
6
3
2
9
6
11
5
7
12
11
7
4
10
7
4
5
4
4
6
3
3
10
5
12
12
4
2
10
13
8
5
4
4
11
3
2
13
11
18
4
7
7
3
7
8
1
9
4
16
8
10
4
4
4
8
3
9
4
7
4
4
4
3
5
4
9
2
6
8
4
7
2
6
5
8
9
11
14
11
4
9
11
11
2
7
10
3
5
8
3
2
12
11
4
7
2
6
9
7
3
10
12
4
8
11
3
11
10
9
5
6
8
8
10
6
9
3
15
5
3
2
7
4
8
2
3
5
4
8
13
11
7
11
9
4
5
9
8
4
3
11
9
8
7
13
3
3
6
9
11
7
4
5
6
2
4
12
2
7
11
9
5
11
11
4
6
3
2
3
9
4
3
10
12
4
6
9
6
2
4
5
9
10
2
3
7
12
11
2
3
10
7
6
8
3
11
10
3
2
3
9
8
4
4
8
3
11
11
7
9
3
12
4
3
7
5
2
2
4
7
5
6
14
10
10
10
2
11
5
8
7
10
9
8
8
10
5
4
11
11
3
11
4
4
3
4
9
6
12
8
13
10
8
16
10
9
3
2
3
6
3
5
4
3
3
2
3
3
2
3
3
11
12
7
10
2
3
5
3
9
3
4
13
7
2
7
9
3
9
7
3
4
4
7
7
5
10
4
3
6
3
16
2
10
9
10
3
8
8
5
8
11
11
7
6
2
6
5
3
6
10
6
4
11
6
3
3
5
11
8
7
3
11
7
14
5
6
3
9
4
2
3
13
5
4
8
5
10
11
4
11
5
5
9
10
4
5
10
11
10
6
4
3
5
8
9
9
8
2
13
3
2
12
9
4
2
1
3
9
7
14
4
10
5
2
10
13
8
10
12
8
6
7
5
3
2
7
7
10
11
10
6
12
10
9
11
11
5
4
2
2
11
4
4
5
10
1
8
6
4
5
3
12
3
4
5
7
4
8
8
5
6
9
6
6
3
4
2
4
8
10
13
5
9
12
6
9
2
12
9
1
2
8
7
5
4
11
2
3
6
2
14
2
18
11
12
8
3
3
2
8
5
2
4
3
12
19
3
3
10
5
3
3
6
4
4
4
8
3
3
4
11
6
3
5
3
10
8
1
7
7
2
4
10
6
5
8
2
7
3
11
8
8
4
12
11
10
4
8
8
3
3
7
15
4
2
7
8
12
6
5
7
8
16
9
6
2
9
5
7
11
5
3
2
6
8
3
9
7
5
2
5
2
4
5
3
9
13
2
9
11
15
3
4
8
4
6
9
3
2
5
7
5
5
8
6
11
11
8
10
14
13
2
8
9
9
11
13
7
10
4
8
12
4
5
8
3
2
4
3
14
5
5
14
5
7
3
12
7
2
2
11
3
12
4
7
4
9
10
8
3
10
7
4
5
8
2
13
7
2
3
9
2
3
4
1
10
12
3
9
3
2
4
2
12
8
5
6
5
7
4
2
2
4
2
3
13
12
4
4
4
4
12
7
15
3
3
6
11
11
8
4
6
6
9
10
5
13
10
2
8
3
4
4
14
8
10
5
5
3
10
4
10
4
14
3
12
4
5
5
3
6
3
7
4
7
4
4
7
5
3
13
7
5
4
8
10
8
3
8
2
14
19
10
10
4
10
3
16
3
7
5
13
6
3
4
7
3
10
3
7
3
8
3
10
3
2
7
2
7
5
11
11
9
4
7
8
2
5
8
4
3
7
5
3
10
10
3
5
9
9
3
2
12
10
3
11
3
5
13
12
11
6
3
7
8
4
9
11
2
4
9
7
3
11
14
9
13
9
7
2
9
5
3
6
3
5
3
3
11
8
5
7
8
4
5
12
14
3
10
5
8
16
6
6
9
5
4
10
5
6
7
14
6
4
5
3
3
7
4
7
11
4
3
13
8
3
11
6
7
2
3
12
3
5
10
8
4
6
8
3
13
5
4
7
6
4
5
6
6
4
5
13
4
4
10
3
7
16
10
7
7
4
12
10
4
11
8
3
4
9
4
6
10
6
3
11
15
4
2
5
10
10
3
2
7
4
7
10
6
4
5
2
3
9
5
10
8
13
5
8
8
12
6
3
2
10
4
5
14
2
6
7
9
3
4
4
12
6
3
7
13
6
8
13
3
5
4
6
4
11
5
6
7
5
3
3
4
10
3
8
10
6
2
7
7
3
3
10
11
2
7
7
3
4
3
12
4
6
6
2
6
3
5
11
2
11
4
4
3
11
6
12
3
10
8
9
5
3
10
12
9
10
11
7
10
7
9
4
3
5
11
2
4
2
2
6
9
9
6
7
3
12
8
5
12
8
2
7
12
8
3
3
5
5
10
3
11
6
7
7
3
3
7
7
11
13
10
7
5
4
3
4
12
7
4
7
5
6
3
3
15
3
3
7
4
6
9
11
4
10
8
3
8
2
11
8
5
3
9
9
16
3
8
3
7
2
16
3
8
13
1
9
7
11
3
2
7
2
13
2
3
2
5
7
4
4
3
7
1
10
10
4
3
5
4
10
4
7
3
7
4
7
4
9
12
12
7
5
11
7
6
3
9
7
11
11
1
6
12
11
4
19
5
5
10
3
2
8
10
3
8
5
11
5
12
11
8
5
3
2
6
11
9
13
14
3
14
2
5
5
7
3
13
11
8
2
3
5
10
9
9
10
2
3
7
4
2
4
7
4
2
14
13
3
9
4
2
4
2
18
4
8
12
10
4
6
4
11
3
8
4
13
5
3
9
11
8
11
3
3
16
8
6
6
10
4
3
9
11
14
4
7
4
6
5
9
1
5
5
3
3
11
6
9
4
3
3
4
6
4
3
5
9
2
12
13
3
8
4
7
3
4
7
8
19
5
10
4
3
7
7
11
2
9
8
3
3
3
7
3
3
8
2
10
9
10
4
14
1
14
10
11
4
2
4
3
3
3
11
7
6
9
4
9
8
4
8
3
13
3
6
7
8
10
11
8
15
4
3
3
11
3
8
12
12
5
5
3
5
6
10
10
4
14
7
3
10
3
4
2
3
16
4
14
6
3
4
4
12
3
3
10
4
6
8
2
3
7
5
14
2
2
10
12
9
12
11
7
3
6
2
2
3
4
3
5
10
3
3
3
3
10
4
4
8
4
4
7
6
14
3
5
3
9
4
3
6
4
6
3
4
3
8
6
4
5
8
3
4
9
2
9
9
10
13
11
2
10
11
2
2
3
6
11
3
12
10
6
7
3
11
7
2
3
3
3
3
5
11
3
4
4
4
6
4
11
12
11
13
9
5
5
13
3
2
4
4
3
6
8
5
2
7
13
9
7
10
3
1
4
4
9
3
10
6
3
4
5
9
4
6
13
12
14
7
3
7
10
11
10
6
3
6
11
11
3
7
6
11
3
3
7
11
5
10
7
3
3
3
3
9
8
10
5
9
3
3
8
3
4
11
5
1
3
4
10
8
5
2
7
4
11
11
4
5
10
7
1
15
7
4
9
12
3
4
11
4
13
3
9
4
2
4
4
11
3
2
8
5
4
8
9
5
6
3
2
2
2
5
8
4
13
8
5
10
3
15
11
9
8
8
3
4
6
8
7
7
5
4
10
10
2
11
5
8
5
16
10
5
16
11
4
4
4
8
4
10
6
5
3
5
2
3
4
9
9
7
9
6
9
7
10
7
10
11
8
3
5
11
3
14
13
9
7
4
11
5
10
3
4
11
3
10
7
12
10
9
2
2
4
4
3
10
13
5
8
4
3
5
4
2
4
4
4
11
2
11
5
3
6
3
3
14
7
3
2
4
3
6
7
11
6
8
3
3
3
7
2
4
4
3
9
10
5
9
11
7
12
12
10
11
7
13
5
5
3
11
4
4
8
3
4
1
2
2
11
2
2
9
11
5
3
8
6
11
8
3
8
13
3
11
12
13
10
9
2
11
3
7
11
8
9
11
3
12
5
12
2
5
2
8
10
13
10
4
3
4
10
12
3
8
4
4
8
5
7
9
4
4
9
1
2
7
7
7
7
6
8
6
13
10
12
5
9
4
8
9
4
6
4
3
3
4
8
7
3
7
7
10
7
4
3
4
10
4
3
7
4
2
5
3
6
4
5
5
4
3
14
7
4
3
5
7
3
7
6
8
5
10
6
3
6
3
3
3
3
4
10
3
2
6
5
8
2
3
10
3
12
11
12
9
8
2
12
6
5
4
7
12
7
3
5
4
5
11
5
12
2
7
4
3
9
6
3
11
2
10
12
12
3
7
6
3
3
18
8
4
8
10
2
7
2
4
14
2
6
5
6
5
9
4
13
8
2
5
3
3
14
3
1
10
10
4
3
4
3
13
4
12
1
5
6
13
11
3
3
7
11
3
8
10
14
4
6
15
6
6
4
10
16
10
4
3
5
4
13
4
5
7
4
2
7
13
8
5
10
9
8
7
3
5
11
5
5
12
8
3
4
8
3
5
5
3
11
4
4
6
5
10
5
8
9
7
7
3
10
13
4
11
3
3
10
3
8
10
10
5
11
5
3
12
9
5
11
11
12
8
3
8
8
3
6
8
6
14
7
2
8
5
12
3
3
8
3
10
7
3
6
10
5
7
5
6
9
13
3
3
5
10
7
3
13
4
4
5
8
14
8
6
18
5
9
4
3
3
10
10
5
4
13
11
9
4
2
3
10
9
5
4
13
5
8
12
11
3
7
4
8
4
3
12
3
1
6
7
6
2
11
11
3
6
8
10
4
2
9
3
15
2
8
2
8
11
8
11
7
9
3
4
12
2
8
4
2
13
7
14
5
10
5
10
4
10
3
10
2
9
9
5
4
11
10
2
3
9
5
14
5
5
6
13
3
5
4
8
10
11
11
4
7
15
12
3
6
2
4
4
4
11
2
10
1
3
11
8
6
14
2
3
12
4
3
4
4
6
5
4
4
4
8
9
13
2
9
8
2
4
6
7
2
5
12
5
7
3
8
11
3
4
9
2
5
9
5
3
14
11
12
12
10
7
4
9
5
4
7
3
3
3
4
10
8
4
7
11
2
16
12
14
3
4
10
7
8
10
2
4
6
3
8
10
8
4
1
7
8
5
2
1
4
5
5
5
5
8
7
10
9
4
8
3
2
2
12
8
12
5
3
4
13
12
3
4
14
3
9
7
8
11
5
2
6
15
14
10
3
4
3
4
4
9
11
4
11
9
4
3
10
4
7
2
11
2
6
8
3
8
10
7
5
4
5
2
7
10
10
3
4
9
4
8
4
5
4
5
11
4
2
5
4
8
8
4
9
4
2
8
5
6
10
8
11
5
9
7
9
11
8
4
5
7
18
12
10
11
2
10
2
10
6
6
4
1
4
3
1
11
3
7
2
14
7
3
3
3
5
8
8
4
3
3
9
10
3
3
8
2
4
6
5
4
11
10
2
4
3
12
10
7
13
4
7
7
4
9
9
5
8
4
10
8
12
11
6
6
4
7
3
1
9
6
3
5
4
11
8
8
2
11
14
10
9
9
6
15
9
3
8
10
10
5
3
1
11
4
8
13
9
9
3
3
5
11
9
3
4
6
3
10
10
13
6
4
2
11
4
3
12
2
11
8
7
4
9
5
10
13
11
4
12
9
4
10
10
4
6
8
9
10
13
4
8
8
7
12
6
10
3
4
4
10
4
3
4
8
9
3
8
10
9
4
11
7
16
11
3
2
5
10
11
2
12
11
4
11
3
8
7
3
2
11
9
9
3
9
8
10
2
7
10
5
11
17
4
8
5
11
12
4
11
4
10
8
9
6
2
2
12
8
11
5
3
13
9
6
3
3
5
4
5
5
3
3
4
11
3
10
3
3
11
2
4
7
10
3
3
9
3
10
11
5
7
3
7
8
6
15
6
9
3
10
4
3
5
2
10
8
8
6
3
12
7
4
7
11
10
7
6
6
1
11
13
10
3
10
2
12
2
3
15
6
8
10
11
12
3
2
12
5
3
2
8
3
5
4
7
3
13
3
11
6
5
5
3
10
3
11
7
9
4
3
7
13
4
12
10
5
5
11
9
6
11
10
3
11
13
7
4
4
2
3
4
1
4
7
4
4
13
7
3
3
11
9
16
12
3
4
2
10
3
4
4
7
14
6
3
6
4
4
4
12
9
11
7
11
5
9
7
7
8
7
5
7
9
9
15
3
4
8
4
5
10
5
4
5
9
3
8
12
11
8
13
4
6
3
9
7
8
10
3
7
2
4
11
3
9
6
7
4
6
2
3
6
8
3
10
11
13
11
4
8
3
11
13
14
3
6
3
12
7
3
14
4
5
4
7
6
9
11
5
11
11
6
4
9
3
2
9
3
5
4
4
6
10
5
8
9
8
5
6
7
2
3
6
3
8
13
2
10
7
2
2
11
6
12
11
2
4
5
3
9
3
12
7
14
5
10
7
5
5
8
12
6
13
2
5
1
11
8
3
11
4
7
5
3
3
9
16
2
4
13
9
4
3
9
11
3
9
4
10
5
7
9
7
9
2
4
3
7
5
3
6
10
3
5
7
10
3
7
4
7
4
5
3
5
2
2
3
4
12
6
11
9
9
5
4
3
4
8
7
10
3
3
6
6
16
7
3
13
4
5
10
10
14
6
7
4
11
4
4
4
9
7
10
5
10
3
2
11
10
4
4
12
5
3
3
11
4
5
11
4
5
9
8
3
12
3
6
9
7
5
7
2
9
11
8
8
10
11
4
4
10
7
5
12
12
7
12
4
3
9
3
4
11
6
8
11
4
12
7
16
7
14
8
8
8
13
6
3
4
8
5
9
7
3
2
5
3
10
13
2
5
3
2
4
2
3
6
7
13
6
3
12
7
13
8
4
11
10
12
11
11
7
3
5
6
6
6
2
3
5
15
7
11
10
11
7
4
9
3
7
9
7
12
2
3
2
11
9
3
5
5
5
3
6
4
7
6
3
2
7
8
10
2
5
2
3
3
5
5
7
5
3
13
3
10
9
10
3
2
8
12
4
4
10
14
5
11
5
8
3
8
2
3
6
9
4
7
11
4
3
11
5
5
6
4
11
3
10
9
3
13
6
6
8
2
5
5
14
14
4
3
10
8
4
9
11
9
4
3
4
7
9
4
12
11
3
5
4
11
12
10
4
4
6
8
4
6
8
11
2
3
7
14
9
9
10
5
6
10
12
3
3
10
8
3
2
8
5
12
13
3
5
3
8
15
6
7
9
3
4
3
4
3
6
7
4
8
3
9
9
5
4
12
4
10
9
5
3
11
5
3
10
8
11
11
6
14
8
12
5
5
10
7
6
5
10
10
10
10
9
2
2
9
8
4
4
14
2
2
4
6
3
3
10
7
3
3
7
4
17
3
10
2
3
8
2
11
1
9
9
10
8
4
7
10
4
9
4
7
5
7
4
7
8
6
2
14
4
6
7
12
4
4
8
3
10
3
6
4
12
3
3
9
3
7
4
9
11
10
6
10
7
3
4
2
12
2
2
11
4
4
8
6
10
9
13
2
10
13
6
12
3
2
11
3
11
10
5
8
11
7
6
10
1
3
9
2
7
5
12
11
11
2
12
5
2
3
4
8
4
17
11
5
13
2
9
7
7
3
4
8
3
13
2
10
6
3
10
4
3
5
3
5
17
10
10
8
4
4
11
9
5
6
2
3
6
5
10
8
11
3
7
4
8
6
5
7
8
4
6
14
3
2
5
6
11
6
11
3
3
6
8
11
9
2
3
3
4
6
8
10
2
5
10
7
3
9
9
3
12
3
12
8
9
5
7
6
11
2
6
4
8
6
4
2
12
5
6
5
3
3
5
3
4
3
3
7
10
7
9
12
1
9
5
3
6
8
9
11
2
5
15
7
2
9
12
4
4
7
10
10
11
8
11
4
2
11
8
11
1
8
5
9
7
2
4
7
5
5
13
4
8
9
5
2
7
10
9
12
8
12
8
3
9
10
11
8
5
5
12
3
4
3
7
2
4
8
4
7
12
6
3
11
2
3
4
11
7
12
7
3
10
5
5
11
11
3
11
3
7
9
11
5
11
7
1
6
3
4
9
10
13
6
2
10
6
12
3
3
13
3
8
11
17
3
3
3
6
3
2
1
11
4
5
12
10
4
10
9
3
5
9
4
4
6
3
7
5
7
3
6
9
4
10
5
10
4
16
10
4
4
10
3
11
4
2
4
6
11
4
4
10
9
3
4
10
7
8
10
7
2
10
3
10
9
4
2
4
3
5
6
4
5
5
4
11
9
3
3
11
10
8
5
10
12
7
12
9
11
9
5
11
13
5
4
7
3
11
2
4
11
11
10
2
14
9
3
8
3
9
4
8
4
2
11
4
11
7
11
2
5
5
11
5
5
8
9
12
6
10
3
10
4
6
3
10
3
3
13
3
6
13
8
6
10
4
12
13
8
2
1
7
6
7
3
10
4
10
8
7
9
6
5
4
11
8
2
10
5
2
14
11
6
3
7
4
3
8
8
4
11
11
6
14
3
3
7
14
6
3
10
12
11
9
5
2
7
4
10
2
3
8
7
9
3
4
2
5
2
10
3
3
9
2
4
6
3
9
4
7
6
8
2
3
5
6
6
4
3
10
6
2
7
10
5
5
3
6
11
3
2
3
8
11
6
4
2
12
8
6
4
3
4
7
13
9
4
9
9
2
3
5
9
10
4
9
6
3
3
7
13
5
2
7
3
3
2
4
5
8
9
6
12
5
15
7
8
4
9
7
13
7
8
11
4
12
10
3
5
3
7
10
3
6
5
8
13
5
13
7
13
11
2
14
9
11
3
3
2
6
5
4
10
5
5
9
9
4
7
7
10
7
9
9
3
4
6
3
2
3
10
3
3
8
7
2
11
6
8
3
3
8
3
11
15
11
7
3
10
4
10
10
2
4
2
1
4
7
4
11
10
7
5
3
14
7
3
6
3
9
7
6
11
4
3
11
3
5
11
2
5
11
12
14
8
7
4
5
11
8
11
7
10
4
3
3
2
3
4
3
8
11
3
3
10
13
4
6
2
8
5
13
12
5
6
3
5
3
10
11
11
2
2
11
5
5
7
3
13
5
8
10
1
5
13
5
5
10
3
3
9
2
7
6
5
10
8
7
4
2
4
4
4
4
10
4
8
2
6
10
4
6
6
3
8
5
4
15
5
4
6
11
8
9
9
6
4
8
5
3
15
4
6
8
6
3
12
3
5
10
14
10
8
6
11
17
7
10
6
11
11
5
4
10
7
10
4
5
12
3
13
10
6
3
8
4
12
5
3
11
7
11
8
11
3
2
8
6
3
4
2
3
8
4
3
4
4
9
3
7
13
12
15
11
3
2
5
5
9
8
6
2
2
9
11
2
8
5
10
3
13
2
3
4
4
6
3
14
8
9
5
12
12
2
5
10
3
8
8
15
9
4
9
7
10
5
12
2
2
2
12
3
12
12
7
1
12
3
14
12
4
5
9
7
8
3
3
6
4
3
2
12
4
12
3
10
3
10
3
2
9
9
16
10
2
1
6
2
3
10
10
6
5
10
12
12
6
5
2
10
2
4
11
5
4
5
8
5
8
4
9
5
12
6
12
4
10
5
3
6
3
2
8
9
11
10
6
6
2
4
4
2
11
5
8
9
3
7
6
2
3
6
5
4
4
4
5
3
3
4
2
13
6
10
6
9
3
1
3
7
7
4
4
9
4
5
10
3
3
9
2
9
11
3
5
3
10
3
3
11
7
3
11
2
4
2
3
4
12
5
3
4
6
3
6
3
8
10
11
10
7
11
6
9
10
11
5
2
9
15
1
8
3
10
9
3
11
7
2
4
10
7
3
4
4
7
5
3
9
6
7
11
3
12
8
3
8
5
13
13
3
7
12
10
5
2
5
9
9
14
3
3
8
10
8
8
7
3
8
7
4
2
3
4
2
5
11
3
7
5
4
8
4
5
4
5
6
8
3
8
3
6
3
2
9
4
5
15
10
5
11
9
8
9
3
10
9
11
3
4
2
7
10
5
4
6
12
7
6
5
6
10
3
6
13
10
2
3
3
5
3
11
2
5
3
4
3
4
4
12
4
11
3
11
14
11
12
7
3
4
15
5
3
3
3
2
6
4
8
4
4
3
8
7
14
3
11
3
10
15
4
6
11
9
3
14
8
9
2
3
3
12
4
8
2
3
7
3
6
7
3
11
14
7
5
4
3
7
10
5
3
7
8
11
5
9
11
3
3
11
5
14
8
4
11
7
3
9
6
7
3
4
6
2
4
2
7
3
13
12
4
8
3
3
4
8
10
7
3
11
7
10
7
7
5
4
12
8
9
4
6
3
3
8
10
4
4
5
11
10
10
3
3
4
14
6
3
6
9
13
3
6
5
9
13
3
4
7
8
2
5
10
4
14
7
11
7
4
1
4
5
11
8
3
11
5
4
4
4
4
4
9
6
4
4
12
11
9
7
4
7
3
9
7
11
3
10
2
3
3
8
7
10
8
2
7
4
5
10
4
3
5
4
9
4
2
12
5
4
13
8
8
2
13
5
11
10
3
5
1
2
11
7
5
2
6
4
6
5
3
11
7
6
11
4
3
9
5
4
7
7
4
8
11
8
3
7
3
5
8
12
6
3
4
8
12
11
7
12
7
9
5
3
2
7
11
6
11
4
8
13
6
7
8
11
5
7
4
5
6
5
5
4
8
4
7
10
4
3
9
13
4
8
2
4
3
2
6
7
1
9
4
12
2
11
12
8
4
12
5
8
5
5
4
2
3
2
3
3
7
5
11
8
6
8
9
9
10
5
4
4
10
5
7
4
11
13
4
2
1
9
5
9
5
4
3
11
10
10
6
3
12
4
2
6
11
8
2
4
6
4
2
11
11
11
7
4
9
6
7
9
2
3
5
9
8
5
14
11
4
7
9
4
17
14
3
3
7
8
5
10
11
8
8
6
4
9
3
7
3
8
7
11
7
3
9
12
8
3
9
11
7
13
9
14
7
8
6
13
5
7
8
12
13
12
8
9
9
7
9
7
4
9
4
3
10
3
2
10
3
10
12
7
9
7
9
3
4
13
3
7
9
10
4
4
14
3
11
10
12
9
4
13
4
6
8
6
3
11
7
10
11
10
7
11
11
6
5
12
12
10
11
8
12
10
10
1
10
9
9
5
10
6
9
10
5
6
6
7
9
4
1
6
4
8
11
4
2
3
3
7
15
5
4
3
11
4
3
11
11
5
2
4
3
3
8
4
7
3
12
8
8
6
8
3
3
6
7
1
3
5
8
9
11
3
4
12
4
6
6
7
6
12
3
14
5
7
8
8
3
4
4
11
11
3
4
2
4
10
7
6
9
3
9
5
9
8
8
3
9
4
13
3
5
3
3
11
3
5
3
9
4
5
12
9
9
4
11
6
2
11
5
3
8
13
12
8
10
2
13
3
4
3
5
10
2
10
3
6
3
3
4
9
3
7
12
2
3
8
9
3
8
3
6
3
7
3
12
6
10
9
14
5
7
7
2
4
11
11
12
6
5
7
4
9
9
6
12
5
11
6
7
5
10
5
3
4
4
11
14
6
13
5
4
6
10
3
3
3
3
9
4
6
6
4
10
9
6
2
4
3
10
4
8
2
4
7
11
4
3
3
10
4
6
2
8
3
2
8
4
12
7
8
3
3
4
8
12
3
12
2
8
2
11
3
11
4
4
1
3
7
11
4
7
6
4
7
5
12
10
8
7
7
4
12
12
10
1
3
1
5
5
8
9
8
8
9
8
7
3
4
5
9
7
15
2
10
5
3
3
14
8
4
4
13
3
11
6
2
9
2
8
8
14
4
13
5
12
5
3
12
11
9
11
3
13
13
10
4
4
6
3
6
8
8
10
3
2
6
7
3
3
10
3
5
3
6
11
5
8
10
4
3
5
11
3
4
14
9
4
2
4
7
11
2
10
12
11
8
4
4
3
3
10
13
11
8
3
7
6
10
6
3
9
3
4
11
10
3
4
7
9
1
3
2
7
8
6
7
1
8
12
4
12
4
10
6
3
4
7
8
2
7
8
9
12
9
9
7
6
8
3
2
4
5
6
12
2
7
4
7
11
10
4
8
10
10
4
9
6
7
4
5
10
7
7
2
11
3
6
7
5
12
16
10
4
8
9
8
5
4
3
3
5
6
3
11
11
7
10
3
7
4
3
4
10
4
7
11
11
6
4
3
6
10
10
11
11
7
10
6
5
15
3
3
10
1
10
4
6
11
5
3
4
8
4
3
7
11
8
14
7
8
4
9
4
3
11
14
1
3
4
8
8
3
7
10
9
3
4
9
4
15
8
3
6
8
8
7
12
5
8
5
8
3
3
5
4
2
4
11
7
11
4
7
4
9
5
5
9
2
4
9
3
10
11
12
3
9
3
6
4
5
7
11
3
6
3
9
11
14
9
10
2
3
3
5
3
9
13
3
3
8
5
3
4
4
10
7
4
3
14
4
1
4
3
5
6
4
9
4
12
5
5
6
4
6
8
10
8
2
7
9
10
6
3
4
7
10
9
14
11
6
11
8
11
8
7
6
13
13
13
9
2
2
10
5
16
4
3
3
8
5
7
7
5
5
3
8
3
7
4
7
4
4
9
10
3
5
5
2
12
3
9
4
7
3
5
3
10
9
3
3
4
16
15
5
4
3
7
4
4
3
5
10
8
2
6
2
3
9
6
11
7
11
5
6
3
7
10
13
11
5
8
7
13
8
3
11
3
13
2
7
4
8
9
12
9
3
9
2
4
12
5
2
7
12
2
3
3
3
4
9
8
7
11
5
3
2
7
6
2
1
2
9
3
9
8
6
3
3
8
3
9
10
4
6
1
6
8
13
9
5
7
5
3
9
13
10
10
4
7
11
10
6
3
8
4
11
11
7
7
10
12
10
4
8
3
10
12
4
7
3
5
9
5
3
2
6
10
10
8
10
5
8
15
2
10
2
12
10
7
10
5
4
3
13
7
2
2
2
13
2
7
12
6
10
13
12
2
3
7
8
1
7
10
7
11
5
9
8
11
11
2
2
11
2
12
10
8
9
12
14
11
11
6
3
8
12
3
13
9
5
6
5
4
7
11
3
8
3
4
9
4
5
11
14
3
7
4
6
2
2
4
12
2
9
4
10
5
10
2
4
2
12
10
3
6
3
10
8
3
8
11
10
6
8
11
8
8
4
10
2
8
11
5
3
12
12
2
11
6
9
2
3
3
7
17
7
10
8
8
10
11
11
10
6
4
8
3
7
6
8
4
2
10
3
8
5
4
3
13
4
3
6
4
4
4
2
4
9
4
10
8
3
3
2
4
4
9
5
7
8
7
5
2
4
5
4
3
3
2
6
7
9
3
12
5
10
4
10
3
7
9
12
6
7
3
3
4
10
3
1
5
2
9
3
13
7
2
11
4
4
9
11
13
10
7
3
4
6
11
5
3
3
4
6
4
7
4
8
4
4
4
5
4
7
12
3
7
2
4
11
3
3
3
8
5
10
5
11
2
4
3
6
4
3
8
6
11
12
11
5
10
10
3
9
2
1
3
8
11
7
5
9
3
8
7
12
7
8
3
4
3
2
4
13
4
3
3
11
4
10
3
9
7
4
16
3
8
8
3
7
13
4
7
9
7
7
3
4
11
7
8
13
3
13
2
7
4
7
9
5
8
3
5
2
5
11
9
10
11
2
8
6
6
8
2
9
5
12
5
4
11
4
8
9
4
4
4
5
9
3
7
4
4
3
4
7
4
3
6
4
9
4
3
3
5
4
3
12
3
3
9
4
7
10
17
6
12
4
5
4
4
15
2
2
6
5
4
9
4
3
3
5
3
8
8
2
4
5
5
12
3
1
12
8
6
7
2
9
10
2
8
10
11
9
2
13
2
9
7
5
8
8
8
11
8
10
7
3
2
4
9
4
7
2
5
12
3
3
8
3
11
5
3
10
15
6
11
4
17
2
2
16
3
9
11
4
11
10
5
5
6
2
3
3
4
2
10
6
2
7
9
4
8
6
8
4
5
10
8
8
3
3
5
12
10
10
9
8
2
3
8
7
13
8
3
13
11
12
6
8
12
7
7
13
5
5
3
8
3
5
6
7
5
9
6
10
7
10
9
10
12
12
8
11
8
3
4
3
6
9
12
9
12
3
3
7
8
10
1
10
3
8
3
3
9
10
8
14
10
2
7
4
7
4
6
11
8
7
4
4
3
12
8
4
6
5
2
8
4
4
11
2
3
3
6
10
4
7
3
11
10
3
5
14
9
8
3
12
7
6
13
3
9
14
9
15
5
11
6
2
11
3
11
2
2
14
5
11
1
2
3
6
13
10
8
3
5
6
7
4
8
9
12
5
3
1
11
3
8
2
9
6
8
7
4
13
6
7
2
4
5
8
5
2
10
3
11
7
7
9
3
8
4
3
3
9
8
3
2
3
14
9
4
3
3
10
7
4
3
4
8
3
10
5
3
6
2
5
12
14
4
14
8
4
10
3
13
4
8
7
13
3
3
10
8
10
10
18
6
8
7
11
10
14
6
4
9
4
2
12
4
2
11
4
3
10
7
4
9
6
11
6
3
9
13
5
7
7
11
9
5
10
11
2
6
6
4
2
2
11
4
10
3
10
18
3
4
11
16
3
2
10
5
10
7
10
7
7
2
7
8
10
3
13
3
8
11
12
3
3
3
4
10
7
7
11
2
3
12
8
6
4
4
2
13
2
10
11
13
10
4
3
3
4
4
10
7
7
14
3
11
7
3
7
10
4
9
7
7
8
12
13
13
2
3
4
7
3
4
10
7
3
10
6
11
4
10
11
1
4
9
7
7
3
7
5
12
9
12
8
2
6
2
7
10
10
5
3
9
6
4
4
13
2
5
11
9
4
7
3
10
2
5
8
3
11
5
3
19
3
6
4
7
5
5
6
5
7
3
6
11
8
9
3
7
15
11
3
3
6
2
12
4
5
12
9
3
3
2
4
8
4
7
7
4
3
4
11
8
12
2
10
7
12
3
10
4
10
4
10
3
3
7
10
8
6
14
3
5
4
10
10
3
11
11
3
11
6
2
10
3
10
6
3
5
2
2
7
11
5
7
9
10
5
12
3
10
10
4
5
4
4
9
4
8
9
2
11
12
9
2
2
8
2
9
6
14
3
9
14
4
11
4
4
13
4
10
4
3
5
2
2
11
4
5
5
3
7
2
6
8
4
2
3
7
11
12
2
3
5
9
5
4
15
7
14
8
10
7
10
12
6
10
13
4
10
5
6
10
3
5
10
3
6
9
9
7
7
13
12
2
3
4
13
3
10
5
4
12
6
5
5
11
2
3
9
11
6
2
9
4
10
3
10
4
4
9
11
3
6
6
4
3
4
6
4
8
6
2
4
11
2
3
3
9
9
4
11
7
7
2
4
9
3
9
14
10
5
11
10
4
9
10
8
7
9
7
7
12
2
5
2
17
14
12
8
3
5
4
2
9
3
6
4
7
7
15
3
6
9
1
3
3
12
9
10
11
11
3
8
8
4
5
8
6
13
5
10
2
12
8
9
7
4
8
6
8
6
8
2
2
7
4
3
8
11
4
3
5
3
7
2
9
8
7
2
3
12
4
3
3
4
3
7
10
4
4
9
13
11
3
10
8
8
3
4
12
9
4
2
3
10
4
10
14
7
4
4
3
3
8
11
9
13
5
5
4
2
6
14
2
8
8
3
8
9
5
9
5
2
4
6
9
7
7
8
10
5
3
7
7
6
4
7
3
3
9
5
3
8
6
11
4
2
6
6
3
11
10
6
4
5
4
5
8
5
4
10
10
5
2
10
9
5
4
2
11
4
9
9
4
11
11
7
3
11
5
9
10
4
5
11
13
2
13
5
11
11
2
8
8
4
9
10
6
2
7
9
7
7
7
7
8
6
5
7
10
8
11
10
11
4
10
4
2
12
10
13
6
3
5
12
3
12
8
2
4
2
3
7
5
2
1
5
6
3
5
10
9
2
4
2
11
12
2
8
11
2
9
12
10
9
5
6
3
11
4
4
8
5
6
12
6
9
9
2
4
11
9
4
12
7
4
8
7
7
6
2
12
4
8
15
8
11
13
9
5
3
12
9
3
2
2
2
4
3
3
6
15
3
6
4
5
7
4
10
4
7
3
3
13
4
4
4
2
10
9
5
7
5
4
9
10
14
8
6
11
10
4
2
9
10
4
10
2
11
9
13
3
5
4
7
11
2
6
4
6
10
6
2
3
4
8
6
6
4
3
3
10
8
10
6
10
3
4
4
7
3
10
11
3
9
4
11
10
9
5
7
10
6
14
6
6
3
9
3
6
4
3
11
7
8
5
9
2
8
10
4
3
7
11
7
3
7
11
11
12
6
1
5
6
4
3
3
10
7
4
3
6
9
3
2
4
5
2
4
10
11
7
3
6
3
4
9
6
6
3
3
12
4
3
3
4
7
4
2
8
4
2
3
4
13
13
10
11
6
5
3
5
5
13
6
3
2
11
11
6
14
3
9
3
9
3
4
6
7
3
11
9
7
5
13
9
5
4
13
14
4
10
10
4
6
6
7
12
5
4
3
13
11
5
5
9
4
2
12
5
7
3
8
14
4
4
10
3
3
13
8
4
2
4
5
3
6
2
10
5
11
2
14
3
7
3
9
4
14
7
6
4
3
11
13
2
12
2
2
5
7
10
5
8
6
8
9
9
11
5
4
5
10
8
3
5
5
2
5
2
10
2
6
5
7
6
7
3
5
10
11
8
4
12
4
12
5
5
2
11
9
2
6
13
2
10
5
3
12
10
10
13
5
4
11
9
4
4
8
8
3
2
7
4
10
7
2
2
9
12
14
6
7
12
6
3
10
11
11
2
14
13
6
5
13
11
8
12
3
5
7
13
9
9
10
6
11
4
7
11
3
4
3
10
14
2
8
13
7
2
6
11
5
3
5
9
10
2
2
2
4
3
4
4
5
4
8
11
9
7
12
3
7
8
3
10
3
9
8
4
6
8
11
10
11
4
9
2
3
10
8
12
10
5
7
10
3
2
7
9
8
2
3
3
4
11
4
3
3
8
10
12
8
3
4
10
10
12
10
3
8
4
7
13
11
12
9
6
8
3
6
11
5
11
15
9
4
7
11
6
4
8
9
9
3
9
8
6
4
9
13
6
3
6
13
12
11
9
8
9
6
11
4
3
13
2
6
10
4
4
15
6
3
18
3
6
17
5
12
8
6
5
4
8
9
3
5
5
3
7
3
4
7
5
2
7
15
3
4
7
8
4
6
9
12
12
5
3
7
2
8
5
7
9
7
5
3
2
8
3
4
6
10
4
10
3
6
3
1
12
12
4
7
7
4
4
9
15
10
7
11
1
4
4
7
5
12
17
8
3
4
8
5
9
12
8
4
10
11
3
5
4
4
6
5
8
14
5
8
9
7
4
12
5
4
6
3
2
3
3
11
10
4
11
6
3
3
4
7
10
11
5
4
10
10
2
8
4
5
3
3
2
8
5
11
4
3
3
8
2
5
3
4
1
11
3
5
4
5
12
4
6
3
6
11
4
13
7
8
3
4
11
9
3
11
2
7
9
12
1
8
8
11
7
4
4
3
9
11
4
3
6
5
3
10
10
3
10
6
7
5
7
7
2
11
11
9
3
6
7
5
12
11
7
4
2
7
3
4
11
8
7
5
4
6
16
12
5
2
10
3
3
5
5
6
9
3
2
3
5
5
2
1
3
6
8
5
3
8
16
2
7
4
3
2
11
16
4
10
7
7
4
11
2
5
6
9
5
11
4
10
7
2
6
4
4
3
3
13
3
5
4
3
5
3
5
3
5
4
9
15
6
4
2
2
13
7
13
4
11
15
5
11
10
3
11
11
3
5
3
3
10
5
3
4
3
8
3
9
11
4
7
4
8
3
12
7
4
12
4
11
8
2
1
4
12
7
5
10
2
12
3
8
8
4
4
3
10
9
4
7
13
2
11
3
10
11
4
3
11
9
2
3
9
3
10
6
9
4
10
4
8
12
6
11
7
4
7
8
3
5
5
14
10
3
8
7
2
3
3
2
6
5
8
9
2
3
4
8
4
5
11
2
5
8
5
6
8
7
4
6
4
7
3
1
12
10
4
11
5
3
7
10
3
6
10
2
5
12
4
4
4
9
11
4
13
6
6
5
2
5
3
8
5
7
5
12
3
4
5
7
12
12
7
3
3
3
10
10
13
14
11
4
4
14
7
7
12
8
9
11
3
11
12
2
13
13
11
11
12
7
10
5
9
2
3
8
7
3
11
3
5
4
3
6
4
3
5
10
5
2
8
10
10
5
5
3
10
4
1
10
11
3
10
3
5
3
9
4
3
4
2
2
11
3
7
8
9
9
6
7
4
9
11
10
4
9
11
10
2
7
4
3
4
4
12
9
3
13
9
6
4
3
3
2
2
5
3
9
10
5
7
3
13
9
12
8
1
12
5
10
5
4
4
7
3
4
9
4
4
9
9
4
3
7
3
3
3
17
5
11
13
3
3
6
5
3
13
6
11
2
10
12
8
3
10
12
1
3
4
2
10
5
4
3
3
3
6
11
4
8
13
3
7
4
4
3
3
10
2
11
3
12
2
3
4
9
10
4
5
4
7
3
7
12
3
3
11
13
4
4
8
2
6
9
9
10
12
4
2
7
6
9
4
8
11
12
5
4
4
5
5
3
12
10
4
4
6
3
3
8
3
10
11
3
5
3
9
12
12
4
12
7
2
3
4
11
12
3
7
3
4
5
9
10
2
5
3
10
3
7
8
4
7
3
3
11
6
3
12
8
2
11
13
3
13
9
3
6
3
5
9
7
13
6
7
7
4
11
11
9
3
2
6
9
4
7
3
7
11
4
2
8
13
8
13
2
7
8
10
5
4
12
5
2
3
9
4
3
6
3
14
3
9
10
10
11
8
11
12
9
5
3
9
3
4
8
7
10
3
10
2
5
2
8
3
9
11
10
3
8
10
10
2
3
11
11
8
7
7
6
15
6
3
13
7
11
11
11
11
6
3
6
4
9
10
11
3
10
7
3
13
3
8
4
3
2
4
7
9
15
8
6
1
14
3
2
4
1
3
9
9
7
13
9
13
10
7
5
3
13
9
5
3
10
8
6
9
11
7
2
2
6
12
3
9
3
3
7
2
4
7
4
2
6
3
2
11
7
3
3
11
5
10
7
3
4
4
6
11
5
11
11
11
8
6
8
6
11
6
10
5
2
15
4
13
6
8
8
3
12
12
5
9
3
7
11
2
3
14
4
3
9
4
6
4
5
2
6
13
2
9
4
6
8
1
3
13
4
7
10
8
10
11
3
2
3
3
15
10
7
10
3
3
3
8
3
4
4
11
3
3
4
9
10
2
11
3
4
13
10
4
12
12
2
6
8
7
4
8
10
3
3
4
9
15
10
7
3
4
5
4
7
7
9
10
10
1
5
2
2
3
6
11
11
2
8
4
7
5
10
9
4
6
14
4
4
8
6
5
5
11
14
5
9
13
7
1
2
2
9
9
4
16
5
3
10
6
3
9
3
9
8
7
12
8
7
4
2
11
3
3
3
6
10
13
12
3
6
8
3
10
3
9
4
6
7
15
10
2
6
4
14
15
4
17
2
11
14
4
3
12
4
2
7
5
7
4
9
7
4
3
2
11
9
4
11
4
4
4
6
3
4
7
13
5
12
9
7
3
3
4
2
8
12
2
11
4
2
3
5
4
7
2
4
4
12
4
8
2
3
9
5
6
5
4
6
5
12
12
11
13
7
12
10
10
2
8
6
5
10
5
8
1
9
11
4
3
9
10
8
8
4
4
2
3
4
10
8
3
5
4
6
5
5
6
4
10
3
3
5
11
7
13
4
8
10
3
9
4
3
3
3
4
4
2
7
3
14
3
7
7
14
5
3
5
8
9
4
5
11
10
2
5
4
10
14
15
5
12
8
6
6
11
9
3
5
11
9
4
11
2
3
15
9
12
6
4
6
10
2
4
1
6
4
8
5
3
10
11
6
4
10
1
13
10
2
12
3
5
3
3
4
7
9
7
10
11
3
5
4
9
8
9
8
5
6
12
9
9
3
8
6
10
5
5
4
11
14
3
3
5
5
5
2
2
9
9
3
4
16
3
7
8
8
14
5
1
11
10
2
4
9
9
2
5
10
5
2
5
6
9
10
3
5
3
2
3
3
8
5
3
8
9
7
6
6
11
10
13
3
11
8
12
5
4
3
10
11
12
8
6
10
11
6
10
16
10
3
5
7
8
5
16
2
10
8
7
10
5
6
3
3
12
4
4
7
6
7
13
8
9
3
6
9
7
13
2
3
9
6
7
9
7
3
13
5
7
11
12
14
1
7
4
7
6
8
3
9
7
4
3
4
17
5
11
10
11
4
11
9
3
17
4
3
12
2
8
4
13
13
4
12
2
8
12
3
2
3
2
9
7
11
3
8
4
6
3
2
8
3
11
5
9
7
2
11
3
4
3
11
4
14
10
4
15
3
4
12
4
7
4
3
12
8
13
6
4
3
7
7
4
8
3
3
5
14
12
2
3
6
3
3
9
2
11
6
5
3
5
13
4
5
3
4
8
2
9
3
4
5
3
5
9
5
13
3
7
10
10
4
4
4
3
4
5
7
4
9
4
10
2
2
2
8
7
6
8
13
8
10
4
6
4
4
7
4
7
5
11
11
4
10
10
4
3
8
10
2
4
6
3
8
4
4
4
3
13
7
3
11
13
5
6
11
7
7
5
2
3
7
9
10
8
5
11
5
10
7
7
7
8
9
4
3
8
7
4
13
5
10
10
8
2
10
11
9
6
11
3
8
8
5
7
4
3
6
9
14
5
4
11
10
13
5
6
6
10
5
5
12
8
11
7
11
8
11
15
10
4
8
7
13
6
2
5
8
8
5
11
11
3
7
12
7
3
7
6
8
7
10
6
6
2
6
13
9
8
5
4
2
5
5
16
2
3
3
11
3
4
6
12
7
14
3
7
5
4
10
3
5
10
7
11
12
3
9
3
6
6
6
10
4
11
3
13
3
4
3
2
9
3
4
14
9
3
3
5
5
9
5
7
12
13
2
11
2
10
10
3
10
7
11
15
6
9
8
7
11
2
2
11
4
3
11
2
4
12
15
9
10
8
3
7
1
7
3
4
7
7
7
13
9
4
12
2
1
10
5
2
2
7
3
2
8
4
2
10
8
6
6
2
11
8
3
11
17
11
9
3
10
6
4
4
3
5
4
4
11
4
5
4
6
11
5
6
9
14
6
10
10
2
5
3
6
8
7
7
3
7
11
11
4
10
3
11
9
11
9
6
7
3
4
6
4
3
3
1
12
12
14
2
2
8
3
9
6
2
4
7
11
2
8
4
7
9
3
2
10
6
7
14
9
6
6
7
8
10
3
9
2
6
2
9
6
4
7
3
4
2
13
2
3
9
9
4
2
4
9
5
10
5
12
10
7
3
8
11
1
8
9
3
4
7
11
4
5
6
13
10
12
10
3
5
4
4
7
10
3
3
3
4
2
2
11
3
3
1
7
6
4
5
4
6
2
2
12
2
8
3
11
3
9
6
8
5
12
3
3
4
7
13
4
4
12
3
3
5
12
5
10
5
8
9
3
8
3
3
11
6
3
2
3
10
10
15
6
7
8
7
6
3
3
1
4
4
8
2
10
7
7
5
2
3
11
3
3
10
5
4
7
7
2
4
8
1
2
2
11
3
4
8
9
5
7
10
10
10
4
11
11
10
6
5
3
4
6
7
14
11
11
12
5
4
5
4
6
11
3
4
7
4
10
4
6
7
6
14
8
3
11
14
2
4
4
8
3
5
8
6
4
7
8
8
12
2
9
4
3
9
3
11
11
7
11
4
8
6
3
8
7
3
9
12
2
8
8
2
5
10
3
4
3
9
12
9
10
4
9
2
13
7
8
10
5
2
6
7
11
10
8
3
3
2
10
5
4
9
4
11
7
4
13
8
13
5
14
4
3
5
12
3
12
4
2
3
3
1
3
6
12
9
6
13
5
7
2
3
9
10
5
2
8
11
3
6
8
2
10
3
11
8
4
5
10
10
7
6
3
3
12
9
3
4
4
7
4
4
8
4
5
3
8
11
11
14
10
2
8
10
4
11
3
3
3
10
6
8
2
5
7
6
5
11
1
3
10
5
12
4
7
5
12
6
10
8
10
5
11
10
10
3
2
10
11
5
4
10
5
4
8
5
8
16
2
8
3
7
11
4
2
2
4
8
5
4
8
7
3
4
6
5
3
4
10
7
16
12
8
5
7
2
11
5
11
10
11
4
13
9
11
3
3
13
10
12
10
9
6
4
6
9
2
11
5
3
11
7
5
15
1
2
8
9
12
6
2
4
2
5
6
3
7
2
8
3
10
5
5
4
2
3
9
8
11
10
2
3
2
7
2
5
4
3
7
6
8
2
2
9
16
3
7
9
6
8
11
11
7
4
10
11
11
6
7
11
12
2
7
3
9
3
7
5
12
12
9
8
9
10
2
6
2
11
10
3
8
8
7
3
3
5
10
8
8
8
2
2
14
9
10
6
15
6
8
4
11
2
11
4
6
2
3
9
11
4
4
3
1
4
6
9
9
9
4
10
1
8
3
3
8
3
13
9
8
6
5
5
9
10
5
11
3
2
10
7
7
7
2
2
6
2
8
8
7
13
12
4
10
5
9
10
4
10
4
11
5
8
4
12
11
3
7
3
3
3
7
4
8
2
7
6
6
1
2
5
4
10
3
6
3
7
2
11
4
5
11
3
3
5
3
4
10
4
2
4
10
13
10
8
4
5
11
3
8
3
3
3
10
5
10
3
2
3
4
10
8
6
4
7
5
9
12
7
10
8
1
11
4
3
10
3
11
4
4
4
4
4
7
8
5
8
4
10
10
4
11
3
19
4
10
8
6
3
6
2
9
3
3
3
8
2
3
2
11
11
10
3
11
5
10
15
2
2
5
3
2
10
5
15
12
10
5
2
7
11
10
10
3
3
2
5
6
12
2
11
7
11
7
6
8
12
8
7
10
13
2
5
7
12
13
11
3
3
12
9
10
4
10
10
11
2
10
3
11
7
1
6
3
12
7
10
11
2
2
13
6
13
6
8
11
9
3
2
11
1
7
9
5
15
9
11
3
13
7
12
5
9
6
2
8
12
6
5
4
3
6
2
5
8
5
3
4
9
5
2
11
12
7
9
3
4
8
3
7
1
3
8
4
3
12
4
4
5
4
8
5
14
3
2
3
10
3
6
4
11
2
6
6
3
11
9
4
14
6
10
2
11
4
15
6
2
3
3
4
10
3
3
5
2
7
8
14
9
12
11
2
3
10
5
2
5
12
9
4
1
4
7
7
11
4
4
5
4
10
7
3
8
11
6
3
3
6
3
4
10
10
11
10
2
6
7
6
14
3
7
4
3
4
9
9
3
8
3
3
6
2
6
2
8
11
2
5
3
4
12
2
14
3
10
8
2
12
8
11
4
3
7
8
4
10
8
11
11
10
4
2
10
2
3
9
7
6
6
3
3
7
2
10
5
3
2
4
7
7
3
2
3
8
3
9
5
2
7
6
2
3
6
8
5
5
5
3
7
7
16
9
3
4
7
4
8
7
11
3
5
9
15
8
1
5
10
4
5
9
4
15
8
10
3
3
3
4
7
5
8
8
10
5
2
10
8
10
8
3
10
2
11
4
8
10
10
4
10
3
5
6
11
2
5
4
10
3
11
10
7
8
9
12
4
9
4
13
7
14
7
8
4
9
11
9
6
3
11
3
13
7
1
6
4
8
4
2
4
4
10
6
11
10
3
10
9
5
2
5
13
7
3
3
9
14
10
3
8
6
3
4
1
6
4
5
5
9
5
6
3
9
11
6
6
7
10
3
11
4
4
12
12
10
3
7
5
3
4
5
5
2
6
5
1
3
4
9
3
3
7
5
4
10
7
10
4
11
3
11
14
3
15
3
2
5
12
9
7
7
12
11
5
3
9
12
13
4
4
3
3
9
3
8
10
2
3
3
8
8
7
9
4
6
2
12
5
2
3
13
3
2
13
8
5
2
7
10
11
9
12
14
10
6
2
10
13
14
4
14
5
7
8
8
6
7
7
11
3
10
5
5
5
8
2
7
12
3
8
3
4
11
2
7
3
8
3
5
10
9
4
13
11
4
10
4
2
7
12
4
7
3
10
11
10
14
11
9
9
11
5
2
3
5
6
7
4
6
4
9
4
7
2
2
9
3
10
6
9
3
8
3
7
3
5
6
2
9
3
10
10
6
8
10
11
3
9
6
4
8
3
7
3
5
7
6
8
8
2
9
6
3
11
11
4
5
3
11
5
7
7
5
9
7
7
2
4
4
5
3
3
10
2
13
3
3
3
5
4
10
2
2
5
7
4
4
2
8
4
2
7
7
10
7
9
2
3
9
8
15
5
7
4
4
8
9
11
6
5
3
4
9
2
9
10
9
8
4
2
9
5
7
9
15
6
6
3
2
3
3
4
7
6
6
7
8
3
12
9
7
5
9
7
10
7
7
8
5
5
2
6
11
10
3
2
6
1
13
5
8
8
2
4
2
4
2
4
3
10
7
9
5
4
3
3
7
2
8
3
12
4
10
6
9
9
3
4
9
4
12
11
7
10
4
10
3
2
9
10
6
14
3
3
9
8
3
4
2
7
15
2
2
3
13
4
9
3
11
10
3
6
8
5
10
3
3
6
4
3
6
10
11
12
2
11
12
11
6
3
6
2
12
3
4
6
4
7
10
3
13
12
10
12
3
10
7
4
5
5
4
4
7
11
2
6
2
11
6
2
2
5
5
9
7
15
10
9
3
2
7
11
3
10
10
8
5
10
2
5
2
2
4
11
13
11
4
8
3
10
5
10
4
2
10
12
7
10
3
10
8
3
3
12
7
11
8
4
10
13
3
9
3
4
7
3
10
7
7
9
15
11
3
5
7
5
9
4
10
9
8
11
3
7
11
7
5
9
14
12
11
4
6
12
4
3
3
3
11
4
3
6
11
8
2
13
10
5
2
5
12
4
3
6
4
4
11
13
11
3
12
6
3
1
3
8
3
3
6
12
11
2
4
9
10
7
2
3
7
4
5
6
6
3
10
4
3
10
10
5
5
7
1
2
3
3
4
2
4
11
2
14
4
10
8
5
14
8
10
4
11
4
9
7
2
3
4
17
9
3
8
11
5
3
5
3
9
6
11
6
11
15
2
8
4
4
16
3
4
10
2
3
7
3
12
5
2
11
3
9
12
6
12
4
4
10
3
9
5
11
11
10
2
9
3
10
3
10
4
5
5
12
6
5
5
6
2
9
10
7
2
9
8
11
7
3
3
5
4
3
4
6
10
6
4
6
5
4
9
3
13
2
4
3
7
8
4
5
3
9
9
9
6
15
2
11
7
8
10
3
2
11
8
9
3
11
7
2
6
3
10
5
11
13
6
6
4
6
5
11
12
2
13
9
10
2
3
4
13
2
10
6
4
3
2
7
10
6
9
4
2
3
4
6
3
13
9
3
11
5
11
11
7
6
11
4
5
5
8
7
3
10
17
14
10
5
3
1
5
3
12
7
4
9
12
12
4
3
16
3
3
12
12
7
2
3
4
13
7
4
5
4
8
13
7
3
2
4
7
3
2
4
3
4
9
11
2
1
3
4
5
5
6
4
7
7
6
4
13
10
3
4
6
2
10
6
11
3
7
6
3
3
4
3
13
4
4
11
13
8
7
11
7
10
8
3
3
6
6
4
9
11
2
9
17
4
7
2
3
3
2
7
3
2
5
2
2
4
3
10
4
6
9
12
9
1
2
10
4
3
8
8
2
5
3
9
7
3
7
7
7
5
5
4
9
6
5
2
4
7
2
13
8
7
12
7
10
11
11
2
10
8
3
3
2
4
3
2
9
3
2
5
8
13
6
6
3
13
11
7
10
11
7
7
4
7
8
8
5
2
11
3
3
3
3
4
10
7
7
4
8
10
2
7
8
2
13
6
9
3
10
9
2
4
7
11
2
4
8
2
6
11
7
6
8
2
10
11
11
6
9
4
3
9
4
5
6
5
9
8
8
11
2
10
12
7
14
15
1
3
9
2
4
14
2
5
6
4
12
3
5
2
11
12
4
4
11
4
5
6
5
5
4
4
11
13
11
4
10
2
2
3
3
6
13
3
4
2
2
2
11
6
7
4
5
6
3
14
3
13
10
10
13
2
5
2
5
7
4
4
8
9
11
2
5
11
1
15
10
9
3
2
7
8
9
4
4
11
4
6
9
11
11
4
8
3
3
7
11
8
15
10
7
4
2
3
1
6
8
12
3
12
9
1
6
3
4
2
11
10
4
10
5
2
10
3
7
1
7
9
3
4
11
11
4
4
6
3
12
10
14
4
3
13
7
3
3
4
6
9
4
10
14
2
5
2
3
7
3
5
5
4
11
6
9
3
7
13
5
7
4
4
4
6
2
6
10
6
7
8
4
6
6
2
6
11
2
7
2
2
3
12
11
7
6
5
12
3
8
10
3
3
2
4
8
3
6
5
5
3
6
3
2
11
3
11
3
11
2
11
3
10
14
5
7
10
8
3
2
1
2
13
10
2
5
9
12
3
9
10
8
9
3
13
6
14
3
7
1
6
7
8
6
6
8
8
5
10
11
3
1
4
7
8
10
7
7
5
9
3
3
3
2
8
4
13
4
7
4
7
3
10
7
5
3
15
7
3
7
2
5
7
7
6
9
9
8
9
3
7
9
3
2
4
12
11
4
10
2
5
4
11
13
4
3
5
8
11
8
7
3
3
2
3
3
4
5
6
4
4
9
10
9
3
9
7
4
3
11
2
8
1
4
11
7
5
5
4
5
2
4
4
3
8
3
3
15
6
4
4
11
2
2
2
3
6
13
8
1
5
11
3
15
10
6
5
7
9
2
8
10
12
1
8
4
10
10
4
3
4
3
2
12
11
11
7
4
4
4
6
2
4
11
4
3
13
10
11
8
5
11
8
11
13
3
7
13
4
3
8
10
6
5
3
11
2
11
7
3
7
10
11
7
5
7
9
3
9
7
3
5
8
11
8
9
2
5
9
9
4
7
2
4
9
9
8
3
2
3
4
12
7
4
2
3
2
4
2
15
12
3
3
3
2
8
2
10
7
13
9
7
2
9
9
8
9
11
4
6
10
7
3
6
7
3
3
12
10
6
2
2
12
13
16
5
8
9
5
11
10
6
5
6
10
7
4
13
2
10
5
13
5
3
4
4
4
4
14
9
8
7
1
3
3
9
4
3
3
11
3
7
4
4
4
3
11
2
5
8
9
4
7
4
7
8
11
15
5
7
7
4
9
11
3
17
10
11
11
4
11
8
11
11
10
9
3
9
4
14
10
7
2
3
13
11
3
2
9
11
2
2
6
7
12
9
3
3
3
3
10
6
9
11
2
7
10
7
4
12
7
10
11
9
15
4
3
8
8
12
5
8
2
7
7
3
10
3
14
10
2
3
2
3
3
2
10
7
11
9
8
8
3
3
4
3
7
9
2
9
1
7
11
12
13
2
3
10
3
10
8
3
10
12
7
4
8
10
8
8
6
8
10
13
8
4
3
9
9
8
9
9
3
4
10
3
4
4
4
3
10
12
8
12
10
10
4
4
4
2
16
8
5
3
3
12
4
10
1
7
6
9
11
7
6
4
11
9
7
7
5
2
10
8
7
12
3
6
4
13
4
9
4
2
4
7
7
3
12
3
4
5
7
7
3
1
12
10
10
6
15
7
3
2
5
12
6
2
7
5
1
4
7
3
3
1
3
9
11
3
4
2
2
11
8
3
7
10
8
2
14
11
3
3
5
3
13
10
4
6
3
4
6
10
7
13
10
1
3
3
5
4
7
13
2
2
7
5
11
3
4
5
11
10
10
3
12
7
8
10
2
2
4
11
8
2
10
11
10
8
12
6
5
8
7
3
8
7
3
7
7
2
4
10
3
11
10
9
10
10
4
7
12
2
10
3
8
3
5
2
8
9
3
6
8
11
4
7
6
3
8
3
3
5
9
3
7
5
5
4
3
4
7
11
3
10
11
3
2
2
3
12
4
8
2
10
7
4
7
10
13
8
5
3
4
13
3
7
5
2
4
7
6
12
3
4
3
2
5
8
5
7
3
6
2
9
6
2
4
3
2
2
10
4
13
1
8
1
2
3
4
8
4
3
11
4
2
11
6
3
7
4
6
4
12
2
6
11
4
7
3
5
2
7
9
3
5
10
8
5
7
3
8
3
2
2
8
9
13
8
1
3
11
3
3
2
11
6
7
10
8
11
3
4
7
4
6
7
2
11
2
9
8
10
4
3
3
6
9
5
8
6
2
11
7
11
11
7
6
3
11
9
4
3
5
3
3
3
9
12
3
9
5
9
10
8
4
8
3
10
2
9
3
3
4
3
2
10
11
8
16
4
10
3
4
11
4
4
14
10
4
11
10
10
4
6
13
5
3
10
11
3
7
4
8
11
6
7
7
3
5
9
7
6
2
8
5
2
3
2
3
8
2
7
5
4
6
5
10
4
5
4
5
4
9
3
9
11
3
10
8
3
10
12
5
1
2
3
8
5
3
4
4
7
6
12
4
1
4
5
5
4
7
4
3
8
3
5
3
7
1
3
2
7
3
3
12
5
12
3
10
8
4
5
11
10
3
6
5
11
7
2
11
7
4
7
3
12
8
11
4
11
8
10
3
12
4
3
4
3
4
9
9
5
4
10
6
11
12
4
10
3
7
5
10
5
4
6
4
3
11
4
5
5
3
9
11
9
3
15
10
10
7
10
12
9
7
13
10
7
13
11
12
12
9
11
4
2
13
4
1
8
9
3
10
12
3
6
1
12
11
12
7
4
12
5
6
10
13
4
10
9
5
8
5
9
9
12
2
12
4
4
8
4
6
5
11
4
3
7
2
9
11
6
5
11
4
3
3
12
3
3
3
5
7
10
2
10
11
6
5
12
11
4
11
10
4
2
5
3
4
3
8
2
9
3
3
19
5
8
3
10
12
3
10
2
4
1
2
10
2
12
4
2
9
3
9
7
5
9
10
9
8
10
12
8
6
2
3
11
14
5
8
10
10
3
12
3
9
3
7
12
9
7
7
1
4
5
8
9
9
11
2
2
6
4
3
6
10
3
5
11
10
11
6
8
10
3
5
4
12
3
2
3
4
4
9
5
11
4
6
12
5
8
6
7
3
6
3
8
3
11
5
11
11
5
11
4
5
9
3
12
9
6
8
4
3
6
6
5
8
3
4
14
3
5
5
4
3
8
11
8
4
13
4
4
7
3
4
4
9
4
3
3
10
7
7
10
6
2
13
7
3
10
4
6
4
13
3
3
4
19
6
10
5
6
8
4
3
3
7
4
2
6
3
5
3
4
5
12
6
3
6
4
3
12
14
11
12
5
8
3
3
13
16
13
7
12
3
4
8
7
3
6
5
4
6
9
11
8
10
4
12
11
10
5
7
3
4
3
12
12
2
6
11
11
6
3
6
13
12
5
3
4
6
12
13
10
2
7
3
4
6
8
12
2
5
2
6
3
6
4
7
6
3
9
1
11
14
7
3
6
8
8
6
3
8
11
11
3
2
10
11
3
6
11
14
8
6
4
7
5
7
13
13
4
1
4
12
8
4
3
3
9
9
5
3
8
4
8
1
10
6
10
6
2
10
6
3
5
11
9
5
4
8
13
13
5
3
12
11
3
7
11
4
7
2
11
9
13
7
7
3
2
12
8
12
2
13
13
10
6
4
4
8
5
10
14
4
2
10
11
13
4
10
10
2
3
2
3
8
3
3
16
3
4
3
7
7
9
4
2
6
2
4
7
3
6
6
10
5
13
7
4
4
4
3
11
11
9
5
4
10
3
6
5
12
3
11
7
6
13
12
4
10
4
3
5
3
3
13
3
12
6
6
6
4
11
11
3
3
6
8
8
5
11
9
5
4
3
5
4
3
10
6
4
5
8
5
2
10
4
11
13
4
10
3
4
9
3
5
5
6
10
7
10
5
5
11
3
7
10
3
4
5
4
4
1
10
9
3
9
10
10
7
15
3
7
11
8
6
4
5
6
11
3
14
3
5
4
6
12
3
7
10
7
3
4
3
3
3
7
5
3
6
11
4
3
9
3
3
4
7
2
3
4
2
9
7
3
4
6
1
11
10
10
3
10
8
3
2
4
6
5
4
4
4
6
11
15
3
6
11
2
2
4
5
4
3
4
4
7
11
10
3
3
12
2
3
7
3
16
3
6
4
6
8
12
7
3
16
4
7
2
3
7
14
6
2
8
2
11
7
6
9
6
5
12
10
6
4
4
5
14
10
2
8
6
11
6
3
5
7
3
10
2
5
4
13
6
11
3
2
3
3
3
10
4
3
3
12
10
1
2
7
6
2
10
13
3
7
3
7
8
14
4
6
5
4
2
4
3
10
10
5
4
10
6
3
4
9
11
3
8
6
4
3
4
12
4
1
7
4
11
7
5
4
8
2
12
6
3
9
3
6
7
11
7
7
12
12
6
4
4
4
7
9
10
7
10
4
11
3
5
6
4
3
10
8
10
9
3
8
7
10
3
4
4
9
7
9
3
12
6
6
4
5
8
4
2
7
2
3
10
11
10
2
8
3
3
11
3
2
12
8
13
4
10
3
3
10
1
8
6
2
9
11
13
10
7
5
10
12
12
3
6
7
5
7
3
3
11
17
13
4
3
9
8
7
4
8
5
5
4
9
2
5
7
9
6
10
2
4
12
7
10
2
10
4
8
8
15
9
3
5
6
11
10
2
2
10
13
7
4
4
9
7
8
3
2
5
2
8
11
5
9
3
4
11
3
3
2
2
13
11
2
11
5
8
5
2
11
7
11
5
4
4
9
10
4
4
12
10
4
10
13
5
2
7
3
3
4
7
3
3
9
9
10
4
8
10
3
11
7
2
5
3
4
4
4
4
1
1
3
7
9
11
11
6
8
11
14
7
12
7
3
5
6
4
9
3
2
7
4
3
4
10
2
5
11
7
13
10
2
9
11
4
3
14
3
6
4
7
9
7
9
2
4
1
7
2
6
9
8
10
13
7
2
9
6
8
6
12
8
10
7
5
9
6
5
2
10
3
7
8
4
4
4
8
5
4
6
3
2
7
4
11
14
8
6
13
7
7
7
10
6
6
1
4
8
5
8
6
7
4
7
5
5
3
4
5
6
10
6
9
3
4
8
8
5
6
10
11
5
3
6
8
1
10
3
10
3
8
6
5
5
9
5
13
10
8
8
8
6
5
16
11
9
3
13
3
6
4
4
2
11
6
11
5
6
9
13
4
4
4
13
12
6
8
10
6
3
9
4
5
9
11
10
6
4
11
3
5
12
3
